SINAL	ATTEN	MED	H.A	L.A	H.B	L.B	M.G	L.G	THE	DEL
69	154	136	99	154	140	30	162	26	144	201
78	167	149	86	162	127	28	174	27	154	210
96	160	161	85	154	143	26	179	46	157	207
85	145	181	69	151	126	34	184	28	159	203
85	130	185	78	136	134	51	185	36	150	201
96	140	195	64	131	125	53	170	45	150	185
114	155	213	52	127	133	57	165	60	147	174
114	170	211	41	133	122	49	166	54	145	191
128	182	226	32	117	131	54	180	73	128	204
112	171	213	26	104	129	48	180	88	142	196
101	166	229	10	97	144	35	172	73	135	197
98	157	233	22	96	154	34	163	88	129	200
106	163	215	26	98	165	16	176	83	140	207
89	167	226	40	91	164	12	181	81	127	202
104	163	219	23	95	149	22	176	66	125	196
120	168	221	16	92	136	14	181	57	124	215
128	168	223	21	89	152	0	195	45	121	212
137	170	232	16	81	165	0	209	54	104	203
130	173	220	0	82	155	2	228	63	115	208
113	193	234	14	68	164	0	247	58	116	212
109	206	222	16	84	161	0	244	67	133	200
97	207	222	26	95	144	0	249	82	143	189
113	189	231	19	102	153	18	255	95	125	199
117	178	228	17	104	165	21	246	85	124	215
127	178	231	32	86	160	15	255	85	134	230
115	195	242	15	75	163	0	238	69	137	224
120	192	252	13	70	153	4	235	60	129	217
134	196	255	9	72	172	0	227	59	134	211
129	208	238	0	59	167	12	238	67	127	213
114	202	254	0	55	172	24	248	80	129	207
114	184	236	0	64	177	24	234	91	130	225
119	197	254	0	72	187	10	218	103	117	244
121	206	255	0	62	194	0	203	119	125	255
106	220	250	9	60	196	1	222	130	128	255
107	212	255	22	62	185	5	207	134	132	255
113	194	252	16	54	182	10	219	145	132	255
125	196	239	7	67	179	26	205	132	148	247
129	179	241	20	86	167	26	188	132	148	246
141	172	255	36	102	183	31	182	148	146	255
159	159	255	47	107	172	36	186	165	139	255
167	164	247	49	116	162	42	174	147	158	255
182	172	255	58	117	172	28	186	158	163	255
197	192	255	73	118	163	40	201	166	161	252
210	195	255	60	124	165	28	215	184	166	238
220	192	255	77	130	183	43	231	177	169	238
240	183	255	79	115	190	27	237	196	172	255
233	166	249	97	131	174	21	224	214	156	255
246	182	255	104	136	183	36	233	208	143	242
250	193	255	91	122	194	29	239	211	156	231
235	182	255	106	116	209	26	239	221	142	227
239	180	245	120	99	218	36	238	240	159	217
255	170	245	104	91	231	56	251	228	174	237
255	171	251	105	108	230	69	240	220	171	227
255	182	251	105	107	225	59	229	236	173	220
245	166	247	120	102	227	69	240	255	186	224
239	160	235	134	87	234	68	232	241	204	230
246	152	243	121	83	249	84	237	255	211	232
255	134	255	105	96	255	82	226	255	228	220
240	146	239	91	101	255	102	240	255	219	214
255	140	251	101	111	247	105	253	255	232	206
255	137	236	96	99	255	93	249	255	228	192
255	156	228	92	100	252	107	243	255	216	191
238	154	225	77	100	244	112	241	255	233	203
254	160	232	78	83	247	100	239	243	235	190
255	155	236	73	78	245	92	221	247	232	191
241	144	224	80	72	254	89	238	255	242	195
253	137	210	82	92	255	86	253	255	255	197
241	154	197	94	105	255	78	235	255	250	211
225	148	216	84	107	255	61	235	255	255	222
238	146	205	72	123	252	72	224	255	255	222
255	161	209	68	124	239	85	241	247	255	239
255	165	209	67	123	250	84	235	255	255	247
255	178	219	83	118	236	95	229	255	239	248
255	185	212	68	106	234	80	245	255	246	255
255	192	229	54	115	252	91	255	255	246	255
244	186	213	40	104	247	73	247	255	231	250
255	203	228	54	95	255	88	255	243	242	243
247	197	217	58	114	255	72	237	252	246	227
252	193	222	51	100	253	89	225	249	234	221
254	212	233	59	83	255	109	222	255	243	235
238	213	215	62	83	255	119	240	255	234	226
254	224	224	52	67	241	111	226	238	242	222
255	222	211	50	70	242	101	223	222	255	225
255	229	221	53	83	226	108	227	223	255	231
255	238	235	53	74	237	122	210	241	255	246
250	255	246	57	65	240	130	209	224	244	255
238	255	255	70	50	238	134	215	213	250	255
242	240	244	80	49	231	122	198	231	255	240
251	255	248	73	42	249	107	207	228	255	230
234	255	240	56	54	234	105	221	246	244	234
221	255	255	42	40	235	119	211	229	232	241
222	246	255	37	42	221	120	214	237	231	230
226	245	237	27	45	226	118	218	219	214	218
231	243	238	44	28	218	133	209	205	205	217
221	236	245	51	36	234	119	224	207	190	219
228	226	238	47	18	241	122	206	196	183	216
226	224	236	59	9	230	131	205	212	184	202
221	208	242	77	8	228	150	190	222	184	189
232	210	255	74	0	246	135	184	231	189	186
239	201	255	80	0	252	145	204	229	196	199
241	212	239	88	17	255	158	193	223	186	213
241	220	242	94	27	243	168	197	234	197	232
224	208	238	110	14	243	187	179	234	206	250
217	196	226	130	0	239	185	197	221	210	255
237	188	235	149	0	248	167	195	238	198	255
251	184	250	146	0	237	150	184	222	188	255
251	180	235	151	0	239	142	174	210	192	247
245	163	244	168	1	228	127	166	230	182	255
247	168	248	167	0	221	128	183	220	192	240
255	171	237	168	2	211	137	192	232	209	239
246	189	234	166	0	205	128	184	248	203	249
243	202	245	151	3	189	121	201	237	191	238
255	206	242	149	11	205	119	214	232	192	222
255	207	253	147	16	195	130	203	221	209	225
247	214	255	151	18	186	118	192	237	223	221
252	224	246	154	2	184	108	211	228	208	206
239	235	255	155	7	175	119	212	247	203	192
247	253	244	157	18	191	139	210	244	204	212
236	237	255	158	33	192	128	207	255	187	201
245	237	255	172	33	183	122	220	237	187	196
251	224	255	189	15	200	138	214	244	190	192
255	214	255	207	4	198	151	212	251	194	209
255	206	248	200	0	204	146	227	254	183	191
245	220	255	197	0	203	136	218	238	201	201
255	214	255	210	0	195	120	235	228	207	208
244	210	254	214	2	195	110	234	239	208	197
243	200	236	203	0	198	118	228	244	215	196
234	203	253	205	1	201	134	210	232	213	211
235	213	255	225	0	194	129	213	234	228	201
233	222	240	227	17	190	113	232	241	211	204
230	206	229	221	19	195	127	243	230	223	189
247	206	213	207	16	193	114	243	213	237	186
245	196	208	219	25	179	123	255	213	239	186
254	197	208	227	9	186	133	241	214	241	197
251	209	207	241	22	168	143	239	232	228	180
255	225	217	226	13	168	130	247	232	246	179
255	238	224	220	7	164	124	251	222	231	168
244	220	239	227	17	175	139	240	230	231	161
238	213	255	217	35	181	142	246	249	243	167
222	199	253	228	52	163	142	250	255	243	161
231	209	240	241	69	149	134	234	255	255	173
250	217	253	251	65	132	128	242	247	247	155
255	213	255	255	59	144	110	234	255	235	153
255	210	255	255	78	155	104	233	255	234	146
255	224	255	250	97	168	96	230	243	233	130
244	229	255	247	79	186	103	220	255	217	123
249	219	248	236	76	186	115	207	255	230	119
233	238	253	230	72	202	125	216	243	245	137
245	255	250	239	82	209	145	206	247	245	153
250	249	254	252	86	213	147	188	230	232	145
255	238	255	245	93	225	141	205	242	238	142
239	239	251	255	75	242	140	218	250	237	142
225	255	255	255	85	228	130	220	248	228	142
212	255	255	255	71	225	131	219	242	221	142
226	255	255	255	77	229	140	207	239	217	128
244	255	255	241	66	220	152	212	249	230	127
254	249	251	231	62	229	154	195	247	231	131
255	252	255	243	67	218	144	212	255	238	132
245	255	255	255	58	214	129	216	254	226	141
227	255	255	255	52	222	140	223	253	241	146
246	242	239	255	39	208	128	219	243	236	138
255	236	254	251	52	201	130	201	238	240	126
255	254	255	236	55	205	147	204	254	242	120
255	239	254	235	41	198	149	191	245	238	109
255	222	255	240	46	193	138	210	238	224	115
255	227	255	252	47	179	125	221	224	243	125
255	222	238	254	46	193	141	241	213	246	123
255	230	232	253	60	197	128	251	198	255	112
243	222	217	255	47	196	136	255	194	255	96
234	235	223	255	61	210	132	251	178	255	97
222	235	214	255	77	223	146	247	164	245	102
214	220	226	255	88	234	139	255	167	239	92
222	229	226	238	85	222	142	255	175	233	89
227	225	244	249	69	222	135	255	166	230	92
224	215	237	247	58	241	154	237	185	222	95
207	223	255	255	45	240	162	229	189	225	85
198	209	255	255	48	225	155	240	205	242	95
214	201	255	241	46	245	170	247	203	237	111
216	191	255	226	53	255	165	251	215	252	103
201	204	252	208	37	252	159	252	202	255	116
210	214	255	196	33	255	143	255	220	255	105
201	228	255	211	26	255	147	246	205	255	111
195	231	255	212	24	254	154	228	189	238	112
214	216	255	213	40	255	144	219	182	252	117
231	199	255	196	47	255	129	216	179	254	137
227	204	255	196	55	255	123	212	183	255	143
225	211	255	202	59	255	112	211	188	255	149
229	226	242	211	69	255	107	204	192	255	167
233	239	252	213	59	255	100	204	206	237	182
234	247	255	195	73	255	90	211	206	235	173
253	252	255	194	76	254	110	213	208	226	175
246	247	255	192	70	255	121	201	204	231	185
249	248	255	175	74	255	108	184	211	242	194
249	234	248	175	64	255	96	193	206	238	189
250	227	255	179	71	255	97	176	218	255	201
238	229	255	192	87	245	81	186	236	255	212
231	232	253	183	82	238	89	178	218	246	206
223	241	249	181	88	248	79	181	224	255	215
240	238	243	175	72	233	65	185	230	255	209
242	240	255	188	80	220	48	180	223	255	228
248	242	254	180	91	211	31	175	208	255	232
252	255	255	192	97	199	29	163	221	240	231
255	238	255	179	106	207	23	174	225	255	247
255	234	253	180	103	206	28	191	226	245	236
255	248	255	170	96	199	44	196	228	251	251
255	244	252	154	87	210	62	192	241	255	255
255	230	255	172	104	228	74	187	240	245	252
254	236	252	188	121	231	93	189	236	243	237
246	227	255	198	128	216	91	208	227	254	241
243	238	243	202	143	200	80	227	236	255	250
226	247	240	189	154	217	63	243	247	243	255
227	255	230	205	155	236	46	228	230	232	247
212	250	236	224	143	248	43	236	223	247	255
219	240	244	212	143	255	46	220	229	241	255
215	248	239	212	129	255	64	223	223	253	255
227	237	248	213	148	252	52	218	213	255	255
237	232	247	222	132	255	51	202	206	247	252
227	249	239	204	150	245	36	209	225	253	255
226	255	239	204	155	235	55	192	210	255	251
244	246	244	202	147	220	73	178	206	255	255
248	234	255	217	141	218	87	193	213	255	255
245	234	240	227	155	203	91	196	223	255	245
235	225	255	243	143	217	79	215	217	255	233
234	236	255	249	138	219	79	226	211	255	228
252	242	252	234	144	207	68	231	215	255	211
255	237	255	246	136	223	83	232	208	255	208
255	227	255	251	132	238	97	234	222	241	200
255	219	255	251	117	226	109	254	241	236	211
255	206	243	255	124	240	118	246	255	230	210
255	209	226	238	107	251	114	242	245	244	211
255	212	229	242	111	255	101	224	255	253	228
248	209	243	255	118	255	99	234	255	255	243
255	206	232	238	117	243	96	222	240	253	234
255	216	250	244	105	241	111	205	241	255	235
255	199	232	231	119	254	100	192	236	242	226
254	198	248	245	106	236	101	190	232	249	240
255	198	247	244	98	230	112	179	230	234	229
255	195	229	229	98	218	116	199	214	244	249
255	201	242	235	95	230	106	186	230	249	236
253	191	230	220	83	234	117	187	223	232	255
252	176	250	217	84	221	125	176	240	244	238
246	168	255	227	85	238	125	181	230	231	224
231	181	246	214	74	230	109	179	227	241	230
218	170	253	201	57	232	92	168	234	247	247
204	159	241	191	73	221	91	174	250	255	237
224	147	225	181	84	239	101	172	255	248	255
220	138	245	184	93	226	117	167	255	250	248
234	151	244	188	77	212	134	160	255	255	236
227	160	238	178	63	214	126	164	255	249	224
218	178	220	174	46	215	133	175	242	255	209
233	187	216	189	36	200	125	167	255	255	228
248	175	226	187	21	185	133	176	237	246	234
255	182	234	179	17	180	138	188	225	238	235
255	189	230	177	6	189	144	195	236	245	229
253	182	243	184	0	196	137	207	227	244	242
255	194	238	203	0	184	138	214	232	255	244
255	190	235	195	2	170	133	203	242	255	253
255	179	239	188	22	190	133	218	253	255	255
255	191	245	172	8	185	119	215	236	242	253
255	204	239	178	0	169	131	220	224	252	255
254	189	255	169	0	182	140	224	244	255	238
242	202	255	155	0	179	157	216	255	255	220
234	199	255	160	20	164	165	204	241	255	220
234	191	255	157	25	164	182	189	255	255	240
250	200	255	157	23	165	189	186	241	244	240
252	194	242	148	27	161	191	187	252	234	223
247	199	255	154	39	175	201	201	247	246	216
233	212	255	139	35	173	187	186	255	231	226
241	230	237	152	20	159	191	172	255	214	220
252	218	244	146	15	172	196	184	240	212	224
255	215	238	159	22	177	215	173	249	196	244
247	213	232	150	30	196	223	170	255	192	255
251	213	242	151	23	199	242	169	255	208	255
241	195	229	154	20	190	246	153	255	193	253
248	201	219	173	16	192	253	153	255	202	255
255	208	212	155	35	176	248	153	255	205	251
239	212	203	175	27	194	255	142	255	212	255
232	210	216	173	36	185	255	135	255	211	255
244	223	232	159	24	181	245	127	255	224	252
244	240	251	158	7	181	228	122	246	214	255
237	255	255	148	0	166	229	105	255	215	255
220	255	247	149	0	159	245	94	255	232	240
229	255	237	156	14	146	239	96	255	242	229
219	240	222	175	16	143	247	110	249	232	249
233	249	211	189	3	143	232	124	250	240	255
220	255	215	192	4	153	241	140	254	243	250
202	251	234	178	0	135	227	153	255	254	255
212	248	230	165	14	153	226	138	255	245	251
197	253	221	153	15	140	228	154	255	232	241
182	255	206	170	18	159	240	146	250	226	246
175	241	215	180	15	161	244	165	244	212	228
176	245	203	182	0	179	234	158	240	206	220
183	255	217	196	13	162	222	170	248	212	202
189	246	237	182	0	177	213	157	255	199	185
179	249	245	193	0	160	213	170	238	218	174
177	235	243	177	0	149	198	176	223	227	172
165	230	253	165	15	154	213	163	238	209	184
158	247	254	171	32	164	205	183	226	206	179
172	255	240	169	51	158	191	173	229	189	194
177	255	251	170	47	165	192	178	218	208	195
163	255	242	167	47	167	206	196	206	220	185
166	252	230	157	47	149	201	205	226	230	187
160	255	236	171	53	150	212	202	224	217	176
155	245	255	157	47	141	205	200	208	213	164
148	236	255	162	38	151	198	214	199	229	170
158	226	246	144	44	162	193	226	192	212	189
168	217	230	144	58	155	176	224	192	201	179
170	222	241	153	66	156	162	234	194	200	167
157	238	255	151	85	171	172	252	198	212	184
164	247	255	145	102	190	161	255	185	216	194
149	255	248	144	103	185	167	243	185	208	187
134	255	246	157	112	202	154	252	170	227	200
134	255	240	148	97	207	141	255	181	235	206
123	255	234	145	80	203	146	251	166	239	190
138	243	243	154	99	221	141	237	149	228	200
152	243	236	147	118	204	123	227	136	244	202
155	248	232	157	111	209	133	232	154	230	194
143	232	236	161	106	206	122	222	149	248	183
143	216	238	164	107	225	116	238	151	230	165
145	221	255	179	127	218	132	230	154	244	184
137	208	252	176	138	221	142	243	155	255	204
143	215	255	184	158	221	151	232	162	246	202
133	208	255	186	165	241	150	238	170	232	212
121	193	242	180	167	251	136	250	168	238	194
126	195	253	185	152	247	138	250	155	241	190
115	197	255	186	169	244	144	232	140	255	189
107	201	238	182	165	255	133	248	125	245	182
107	216	234	186	173	245	135	253	114	236	173
106	203	233	194	156	255	153	253	98	246	178
117	214	229	205	151	243	171	255	91	251	190
105	225	224	203	167	255	175	255	110	255	194
116	215	219	195	170	255	187	255	124	255	203
114	228	205	189	156	251	169	248	124	255	217
110	241	200	180	155	255	156	255	139	252	225
108	255	220	163	149	255	150	255	138	251	243
127	255	213	160	167	255	140	255	141	233	251
122	247	229	156	171	237	146	255	134	240	255
121	233	233	140	164	226	151	247	117	230	242
112	243	233	140	147	212	149	252	132	221	239
130	244	239	139	149	228	147	255	131	233	255
132	243	222	142	160	242	162	255	118	237	250
122	252	232	136	180	237	149	255	122	232	237
133	244	229	154	185	223	164	255	113	232	225
151	242	245	152	204	240	178	255	117	252	216
153	243	241	169	202	237	166	246	121	255	208
147	239	245	189	188	234	173	255	105	255	202
143	250	250	203	172	220	176	252	102	251	197
145	255	255	207	181	238	187	255	96	255	210
138	255	244	226	186	244	171	255	104	255	192
150	255	234	246	181	255	167	255	90	255	198
144	255	243	241	163	255	174	255	102	255	180
148	249	233	255	166	255	173	251	119	255	178
135	255	227	255	167	255	191	255	122	255	180
123	255	231	255	165	247	174	240	114	255	181
126	252	240	245	161	242	191	248	99	246	174
128	255	252	238	174	240	195	255	87	231	175
129	255	255	245	187	248	188	247	91	242	159
149	254	253	255	184	237	188	255	102	247	143
165	239	242	255	176	232	193	243	110	230	163
185	241	255	255	179	216	208	234	116	212	167
185	255	255	255	166	219	224	236	114	202	166
184	240	241	255	181	218	219	254	125	187	175
178	243	236	253	164	201	214	251	127	195	166
178	232	223	255	155	200	197	241	139	178	184
193	249	227	255	165	201	200	252	147	166	173
186	236	213	255	179	214	194	255	160	153	189
191	252	216	255	186	229	190	255	154	157	189
193	249	209	255	183	217	173	255	160	150	193
193	244	201	249	185	225	190	255	163	169	187
211	255	201	255	187	217	180	255	160	182	178
199	245	190	255	184	222	164	251	171	201	190
218	255	190	254	197	209	158	255	171	221	184
218	255	197	255	192	216	163	253	182	215	169
201	244	202	255	194	221	171	255	202	215	178
192	240	200	255	196	233	177	244	196	198	169
190	251	198	255	202	251	185	236	180	190	160
180	250	197	255	196	255	186	224	198	185	148
162	247	192	248	193	241	202	241	186	170	139
149	255	197	255	197	231	191	251	202	167	148
138	255	199	239	184	216	174	255	211	157	146
129	250	203	247	194	211	174	255	229	152	165
113	255	196	238	178	210	180	241	249	137	169
131	255	206	253	185	196	193	244	234	145	185
121	255	196	255	181	201	201	252	254	140	198
119	255	197	245	200	184	186	255	255	138	190
111	247	189	243	218	167	192	253	255	130	180
105	249	175	252	200	155	183	253	255	135	179
103	234	185	255	189	174	192	236	255	124	174
106	241	186	239	197	186	208	247	245	130	159
92	248	174	234	184	187	193	250	255	114	170
97	255	170	233	201	203	191	252	249	133	172
90	239	190	219	211	190	197	255	255	153	173
110	241	180	226	207	174	203	250	255	146	183
93	226	162	211	214	167	199	246	243	129	183
84	218	174	204	227	167	204	255	233	121	184
87	212	185	215	238	186	200	255	247	107	198
94	202	191	217	222	197	218	255	231	106	188
92	186	182	222	214	211	209	255	248	112	171
86	186	187	219	220	213	214	242	247	99	154
80	195	171	206	222	224	209	240	250	86	174
76	191	157	191	216	212	197	255	255	96	188
89	203	149	205	212	220	180	249	255	81	194
90	215	166	202	210	217	166	232	243	81	180
89	198	183	219	226	207	185	225	243	85	194
78	205	193	216	224	198	184	220	252	82	180
68	218	182	221	211	218	173	219	251	90	171
51	232	186	232	200	217	180	202	238	93	181
66	232	175	222	203	217	173	217	254	103	196
57	240	195	226	222	209	161	215	255	106	206
71	229	215	217	240	200	148	205	255	102	194
60	220	213	229	223	215	146	204	255	96	198
66	209	225	247	227	214	163	224	242	109	218
73	226	227	255	226	220	163	213	255	122	202
58	228	236	255	211	212	156	218	239	113	216
74	239	250	252	210	213	158	231	255	106	232
86	229	234	255	201	215	148	227	242	97	223
101	214	231	255	197	226	136	234	249	82	232
104	217	213	250	204	229	131	243	255	94	247
103	229	209	255	188	212	136	239	255	86	255
112	231	213	255	173	207	141	229	242	82	243
132	239	205	255	171	208	155	230	235	83	239
137	255	189	255	180	209	168	218	244	102	234
150	255	202	255	174	209	162	230	244	110	219
160	252	218	255	159	228	162	222	255	99	205
168	255	206	248	178	238	151	206	255	112	223
151	255	206	239	189	235	164	214	240	120	220
167	237	203	254	200	245	169	211	255	133	207
180	221	215	255	199	233	183	231	255	136	225
162	207	206	237	212	215	190	229	255	155	241
177	202	212	251	206	207	181	249	246	161	255
161	193	206	241	196	213	191	242	240	170	255
171	194	216	223	184	198	201	230	250	173	255
182	182	233	214	171	208	195	248	255	185	255
189	164	227	216	189	197	209	255	249	175	255
177	165	224	198	193	180	223	255	232	190	240
167	170	227	184	180	166	221	255	225	209	225
183	153	217	177	190	161	235	255	214	195	222
197	148	213	191	185	169	254	255	198	204	227
200	140	198	201	189	159	255	244	188	208	243
206	140	188	214	193	177	247	251	186	204	234
199	122	188	225	197	160	232	237	170	189	234
197	104	202	238	212	160	224	225	157	207	232
196	96	214	231	225	167	225	240	146	199	238
205	84	205	230	221	186	227	242	146	218	222
215	93	188	246	219	179	228	254	162	226	215
233	79	180	232	202	184	238	238	161	238	207
236	93	170	227	196	199	240	240	170	228	197
241	88	185	242	181	215	245	248	177	216	210
228	82	185	241	198	207	231	242	164	215	204
233	94	174	233	204	207	213	237	180	209	218
250	85	164	229	223	211	204	245	170	205	212
239	88	180	223	234	213	200	230	153	191	214
222	77	198	219	244	223	203	217	173	199	231
228	93	216	215	254	221	185	222	161	182	240
212	92	225	216	252	210	169	235	165	191	255
219	96	230	227	252	230	188	221	163	193	255
212	102	243	214	240	247	189	231	172	198	255
197	84	255	234	233	247	193	227	158	189	255
189	99	255	254	226	246	197	221	172	188	255
177	115	255	250	234	229	202	231	181	201	255
164	131	251	238	243	214	190	243	164	183	244
173	138	236	224	247	208	198	227	182	198	239
166	150	254	229	243	201	200	238	179	213	255
151	159	251	218	230	206	212	224	179	213	255
147	162	238	215	220	217	206	226	194	231	255
131	174	255	222	215	217	209	208	178	229	255
120	175	249	222	210	203	208	210	172	218	253
107	195	255	212	225	216	219	200	182	226	255
120	215	240	205	207	232	211	200	180	241	255
102	216	255	189	221	248	209	215	197	233	255
97	208	244	181	227	236	203	218	217	243	255
81	220	251	183	229	251	191	233	199	230	254
68	212	247	201	226	250	183	227	192	244	255
63	196	238	221	218	254	169	218	181	227	251
80	215	236	212	217	242	175	214	199	221	255
72	233	236	226	233	249	193	231	201	209	247
81	218	218	230	231	239	178	216	184	200	253
93	204	232	238	232	246	169	216	174	197	255
93	205	218	220	223	240	171	216	192	180	240
77	220	225	210	231	229	171	230	211	166	245
97	205	214	199	245	245	189	236	225	161	248
79	193	200	186	255	248	189	251	232	145	247
88	176	197	177	244	244	185	255	232	164	248
99	183	190	162	249	243	170	250	214	180	232
115	183	191	161	245	236	173	240	217	183	241
106	179	199	172	255	237	155	255	215	203	248
116	192	192	179	244	224	151	254	202	210	236
113	193	183	177	253	232	160	253	208	229	248
115	206	187	190	241	249	162	253	225	231	233
127	203	182	184	235	241	162	255	239	249	219
121	221	167	185	251	229	171	255	248	239	212
118	213	166	176	255	231	179	255	238	234	203
110	231	185	163	255	244	196	255	223	252	187
93	242	185	178	255	233	211	240	207	235	177
94	251	193	194	239	236	218	238	195	226	190
103	245	180	191	232	248	204	239	182	243	175
119	242	171	179	244	253	193	253	172	227	192
125	237	172	171	251	245	213	244	183	246	210
126	252	170	180	239	237	200	226	165	250	225
109	255	180	179	237	228	186	215	174	238	217