SINAL	ATTEN	MED	H.A	L.A	H.B	L.B	M.G	L.G	THE	DEL
253	98	96	80	110	62	130	8	50	111	177
252	94	79	91	124	65	133	0	47	125	161
236	91	98	95	110	75	147	10	52	131	149
242	82	112	97	94	90	154	6	63	120	155
251	70	95	89	100	81	155	26	59	128	161
251	67	85	80	89	64	151	43	42	110	150
252	67	85	83	87	77	140	41	56	115	133
255	66	86	87	92	94	130	30	61	117	148
243	52	100	85	80	95	149	30	77	130	159
236	41	120	82	64	78	141	24	73	119	170
224	25	131	80	54	64	133	10	88	104	178
208	30	131	66	52	81	135	1	80	113	171
211	37	148	82	46	63	127	20	67	126	166
211	43	148	102	56	62	128	34	75	121	179
199	38	159	100	72	70	128	31	57	123	181
213	26	174	99	71	65	125	42	42	110	173
217	30	193	84	78	49	130	30	45	98	161
203	15	205	68	80	69	147	24	27	117	174
194	16	219	65	70	79	166	38	37	137	194
194	27	208	78	53	73	151	48	53	130	205
211	38	212	80	41	79	143	60	66	146	200
206	54	217	82	61	86	139	51	55	140	219
189	40	230	92	47	105	131	63	45	136	209
196	45	222	91	42	107	146	81	38	142	225
178	60	240	80	53	125	160	76	55	156	224
193	63	239	68	48	128	165	78	73	170	235
187	55	229	81	58	121	158	73	64	179	239
206	41	225	69	73	129	141	63	79	186	240
225	39	231	79	56	117	159	64	89	180	254
208	55	244	84	42	127	154	59	83	164	255
216	58	255	81	59	139	159	72	77	146	255
235	64	255	66	49	125	144	85	83	141	241
251	52	255	61	38	127	129	77	96	152	235
255	54	255	70	23	129	129	62	95	148	231
252	64	242	73	30	139	147	82	114	131	235
255	76	224	77	19	144	131	73	97	140	221
248	75	215	79	15	150	136	88	86	155	203
245	79	233	71	15	134	144	104	81	153	220
244	67	245	76	1	124	156	96	80	156	239
245	72	249	78	0	127	147	88	92	163	229
255	61	253	73	0	146	139	91	103	179	225
255	71	238	82	0	160	130	82	89	180	219
238	84	236	85	4	167	133	79	90	188	211
223	76	231	98	0	158	123	63	85	176	230
217	92	235	112	12	167	133	77	96	164	235
228	91	251	107	0	185	152	86	93	159	231
247	94	244	106	20	198	160	68	96	169	231
240	110	239	90	21	201	171	76	89	171	249
223	124	240	98	15	213	168	90	87	185	244
242	120	230	105	33	196	176	77	72	169	249
253	116	214	101	30	213	163	60	91	185	252
242	124	209	105	17	223	167	77	84	169	255
255	134	205	91	21	211	172	61	66	154	251
253	123	190	107	16	196	177	44	53	152	255
255	110	198	101	33	181	169	45	64	156	255
246	104	211	108	23	185	178	35	46	172	239
255	104	220	92	19	180	195	25	30	162	253
242	105	224	76	38	194	186	11	44	155	236
250	111	232	81	49	177	191	18	42	167	235
242	113	218	99	51	188	198	33	42	153	229
255	102	212	107	36	181	209	31	56	149	232
240	88	199	119	22	166	204	20	43	146	224
255	89	208	116	31	185	195	11	26	157	240
255	104	221	111	29	181	192	13	31	144	247
249	109	215	128	31	175	186	21	17	136	254
242	111	207	146	41	180	180	14	16	130	255
255	127	192	146	46	191	171	32	20	148	255
255	146	194	161	61	210	187	51	3	142	255
251	143	200	159	56	210	190	51	0	130	253
249	151	188	145	59	227	199	33	0	137	249
249	169	170	137	51	223	196	27	4	125	235
235	185	175	153	53	221	209	11	0	136	253
238	178	177	167	51	209	215	20	6	128	251
228	192	190	165	55	222	234	5	0	134	255
244	205	196	155	60	223	224	18	0	153	240
250	208	201	164	64	226	216	38	0	154	235
243	219	204	149	68	236	218	57	16	147	247
247	239	199	159	73	235	223	51	1	156	255
255	255	206	151	92	240	211	70	0	153	247
254	255	203	139	88	241	199	80	0	163	245
249	255	203	126	94	251	213	91	14	149	255
255	243	204	108	88	254	207	97	11	156	240
252	228	221	117	98	255	194	81	28	171	227
234	229	207	126	98	255	198	95	42	178	216
221	231	222	142	102	239	180	91	38	160	214
228	223	222	156	96	255	190	90	37	170	200
226	227	225	143	85	238	177	105	41	162	202
234	233	240	149	105	225	173	99	41	146	208
240	234	240	143	91	232	175	108	44	158	225
244	219	255	137	98	220	159	103	64	147	215
246	231	241	151	106	216	157	114	64	150	212
248	224	223	152	92	208	145	97	76	156	199
238	217	216	134	85	195	152	94	59	153	207
226	215	215	126	85	198	140	107	78	173	203
245	212	198	122	100	194	143	124	70	165	217
240	204	203	140	117	181	145	144	72	156	220
255	207	207	147	124	200	135	140	85	168	208
255	213	216	146	138	201	153	138	67	183	206
253	232	218	134	137	198	172	154	63	183	195
255	224	237	139	135	213	166	145	66	185	192
244	221	226	124	129	220	179	142	56	199	207
250	219	234	115	113	234	190	133	56	199	205
255	217	229	129	130	229	200	134	64	184	211
255	207	237	126	144	212	199	146	78	196	198
240	197	226	127	147	210	219	130	68	206	195
226	207	226	128	166	217	214	124	72	220	178
236	194	214	119	177	208	214	133	67	203	193
240	212	227	138	164	220	225	146	76	190	213
248	219	240	148	162	236	211	164	85	192	227
255	238	249	156	173	226	221	171	97	182	229
243	255	232	146	185	213	230	156	112	169	216
248	255	220	144	203	220	219	145	113	179	227
241	255	218	127	218	209	237	127	114	193	227
225	255	236	114	226	201	244	119	118	213	233
212	255	222	105	234	196	231	111	122	233	233
224	255	208	101	230	190	220	99	117	237	217
232	255	227	120	248	180	239	93	104	220	217
219	255	232	132	248	181	224	94	93	238	199
239	238	238	135	255	195	229	105	79	221	184
235	239	239	120	255	201	227	105	63	209	194
220	251	245	123	243	191	234	122	50	205	181
234	254	227	142	245	181	251	131	33	215	188
248	255	215	139	255	197	255	114	28	202	177
253	255	223	122	255	187	255	112	36	212	178
236	238	226	133	252	191	239	95	39	221	166
234	240	230	135	255	188	228	82	54	224	179
226	253	213	141	250	172	219	90	53	210	198
242	255	199	145	252	185	204	89	66	216	214
247	255	182	131	255	198	215	88	72	205	208
231	238	182	119	255	216	204	106	80	198	224
215	222	170	121	255	207	198	96	76	208	237
198	209	187	104	246	201	195	109	77	219	234
218	221	202	109	255	221	209	100	93	211	227
206	223	198	96	255	205	199	104	93	214	243
206	214	217	104	255	197	200	108	85	229	254
219	219	233	115	255	210	213	116	80	238	255
205	233	253	133	255	196	209	124	70	226	255
190	237	252	151	255	181	197	123	71	219	255
191	252	255	152	255	180	200	120	70	236	249
201	255	255	166	243	197	214	110	78	239	250
211	255	248	182	255	181	233	105	78	230	255
197	242	255	187	243	180	242	115	85	232	255
197	239	255	194	240	181	255	105	90	234	249
184	230	255	199	222	182	253	94	79	235	234
186	232	255	218	213	184	255	102	67	250	230
186	214	255	236	202	199	255	103	55	242	234
204	217	251	250	211	210	251	85	71	238	227
201	221	255	255	199	206	252	92	79	231	241
213	207	255	254	194	205	255	92	80	231	242
232	214	249	244	191	223	255	77	80	244	234
244	200	237	255	176	229	251	59	94	245	249
250	216	249	255	184	232	251	75	80	232	249
255	206	255	251	195	228	243	93	81	247	255
254	192	237	255	202	237	250	101	82	235	255
255	203	241	240	185	226	246	112	101	241	255
249	217	249	252	185	228	240	123	120	255	239
253	229	232	237	172	226	240	139	125	255	255
255	217	229	255	179	240	249	127	144	255	253
246	213	244	255	164	226	231	124	129	255	254
246	218	243	255	148	243	238	109	139	246	255
255	215	229	255	137	234	253	128	133	239	255
255	234	247	240	151	241	255	120	118	250	252
255	226	255	235	156	255	255	110	119	255	244
255	209	237	229	162	247	245	106	127	255	229
255	224	244	214	147	241	231	111	119	255	236
239	234	228	205	151	253	228	129	123	255	241
238	252	217	192	151	243	226	128	134	242	251
244	255	211	201	147	234	225	145	116	242	248
241	238	210	212	160	237	233	152	112	239	255
252	244	195	220	162	251	226	167	120	230	255
242	230	212	234	156	255	233	159	115	242	243
255	246	211	236	175	255	236	176	97	234	243
255	255	194	242	158	238	239	189	93	245	244
255	243	196	255	156	233	254	188	104	242	253
246	253	208	255	168	245	255	178	124	229	235
242	255	194	253	168	245	255	160	133	249	235
255	245	212	255	185	231	255	175	136	232	222
255	247	220	254	201	217	255	188	148	242	214
255	246	218	249	193	229	240	194	162	228	208
255	255	207	242	184	247	245	214	170	219	193
255	255	191	240	186	251	242	212	178	228	193
245	253	191	245	195	252	254	203	175	211	201
237	248	185	248	201	254	241	202	165	201	186
250	255	200	244	195	250	227	214	184	219	204
255	255	187	238	183	249	220	230	180	203	222
239	255	182	227	171	246	207	239	163	211	232
249	255	167	238	169	255	225	234	158	198	215
252	255	173	255	187	245	212	246	160	199	211
238	255	183	238	176	247	208	250	158	204	197
248	238	192	226	185	231	194	255	153	204	181
245	245	205	227	171	238	200	255	158	196	188
244	244	213	243	167	254	215	242	166	181	177
250	255	206	251	149	255	218	227	169	199	176
249	255	204	239	167	249	237	244	182	200	170
249	255	221	239	183	255	248	236	193	210	163
242	254	234	249	201	255	255	244	212	203	146
236	236	236	253	194	255	241	228	216	215	164
235	245	242	236	206	246	248	223	230	212	163
228	233	229	239	201	239	238	240	237	211	174
230	228	214	255	193	251	255	252	224	196	180
236	232	233	255	191	237	255	237	221	188	181
245	218	242	255	205	243	255	223	231	205	172
255	237	248	239	211	251	237	229	250	213	158
242	234	234	230	228	255	255	236	251	221	160
246	240	251	214	220	255	251	252	255	220	142
255	253	255	208	206	244	255	255	244	223	126
255	255	255	203	223	229	255	255	246	228	124
255	243	255	207	210	214	255	255	244	216	107
255	255	255	203	199	205	255	255	239	204	96
237	252	255	208	216	212	250	255	222	208	78
242	255	255	213	231	232	250	255	219	201	69
240	255	254	231	247	250	255	255	208	218	66
243	246	255	250	237	251	255	255	226	201	61
225	255	255	248	219	248	255	255	210	195	49
241	252	251	255	222	252	255	255	220	207	68
233	238	255	255	212	254	255	252	239	211	58
236	250	252	238	214	255	255	255	240	224	57
227	246	246	247	200	255	244	247	230	227	40
218	255	243	239	203	255	255	232	230	236	44
204	254	228	250	212	245	246	220	218	221	27
217	255	233	255	205	255	236	228	207	236	29
237	255	230	255	205	247	245	215	192	229	33
226	246	214	255	201	255	255	198	194	240	39
213	242	233	255	196	245	247	211	214	225	35
212	240	217	255	197	230	255	225	199	207	30
213	231	210	251	213	239	243	220	199	217	12
201	226	211	255	230	255	237	230	185	224	16
187	241	228	255	232	255	238	227	173	226	32
180	244	226	245	228	251	230	217	156	229	19
178	234	241	255	240	255	225	227	153	235	11
181	233	226	248	242	255	231	242	150	234	0
195	240	217	236	239	255	213	240	135	234	9
198	236	202	249	245	241	199	225	117	240	22
200	227	209	255	253	229	213	231	106	241	21
191	228	210	239	255	245	226	246	100	251	37
175	243	194	229	250	242	219	233	82	244	27
189	255	214	222	248	255	234	222	83	250	20
191	255	200	206	255	241	222	234	66	255	29
210	255	194	199	255	243	220	223	73	255	41
204	255	211	212	255	253	219	241	80	237	55
202	250	225	194	246	246	205	228	72	223	39
196	255	217	190	240	239	222	231	72	206	29
193	242	227	188	255	255	233	246	74	226	42
196	255	221	172	255	251	237	232	58	238	40
204	255	216	162	240	234	242	219	56	251	25
202	255	214	149	255	248	242	201	57	248	26
189	255	216	134	255	255	247	194	71	255	36
183	255	226	126	247	255	249	211	70	255	32
196	255	245	111	233	255	254	228	73	255	51
201	255	239	111	238	243	255	242	79	255	71
187	252	230	109	255	251	251	238	71	255	83
201	236	239	108	242	252	255	246	82	241	89
218	237	244	99	230	255	255	255	70	253	77
229	234	237	100	235	255	255	238	63	255	89
215	244	250	110	247	255	244	244	55	255	97
231	238	245	92	255	250	243	239	75	247	92
217	243	255	87	255	241	244	233	80	241	103
207	227	255	96	255	242	240	216	86	250	115
220	226	242	82	243	245	237	232	87	255	130
210	235	255	93	253	255	223	225	75	255	119
196	250	250	78	255	255	209	232	91	254	108
180	255	255	82	243	244	221	217	84	255	122
188	253	245	89	227	234	216	203	84	255	137
207	255	255	75	231	221	201	189	73	255	147
221	245	245	67	237	238	188	199	91	249	145
234	235	237	67	223	226	207	214	100	240	144
234	248	228	73	234	244	201	206	94	222	134
237	255	247	80	239	255	202	191	90	227	121
242	255	236	76	228	255	202	184	77	233	114
237	255	243	83	220	252	221	179	74	234	114
252	246	231	69	213	240	236	193	89	233	109
255	241	232	82	213	255	237	193	100	233	91
243	241	232	66	205	255	255	191	85	243	79
230	225	240	76	195	255	254	207	95	237	67
217	209	239	84	215	250	241	195	84	232	78
231	224	235	97	212	240	247	190	70	226	86
222	232	227	87	229	222	241	175	68	224	94
226	232	245	77	244	206	225	179	84	244	97
226	223	255	84	238	209	236	176	66	255	102
220	207	255	104	232	222	237	180	77	243	105
215	226	248	89	218	233	250	168	69	239	125
224	231	255	88	228	240	246	184	84	224	142
215	219	249	74	210	222	254	185	93	227	140
219	234	232	65	213	205	255	205	79	211	152
226	243	241	73	214	219	255	209	82	220	135
214	237	231	77	221	226	255	210	67	206	139
219	247	225	86	218	210	255	212	61	207	122
203	241	242	94	220	222	239	231	44	209	112
198	238	231	93	217	215	247	239	59	218	100
189	229	232	78	227	213	244	237	75	223	82
185	211	237	71	213	208	232	225	93	239	96
183	211	236	83	229	206	248	209	104	229	100
202	202	226	75	247	208	232	229	98	243	84
202	209	240	67	247	194	226	225	105	233	69
188	216	252	49	255	184	211	226	101	244	65
177	236	241	51	255	199	225	210	114	246	78
169	255	255	51	255	214	245	196	130	234	88
156	246	255	38	245	210	255	190	144	229	94
158	229	255	44	245	209	255	180	162	234	107
160	233	251	57	228	228	255	170	161	217	123
146	250	251	55	222	220	255	184	174	231	143
141	253	240	59	237	212	251	183	170	242	133
126	243	236	45	237	198	255	192	176	255	125
117	255	231	39	251	188	255	200	162	255	131
129	241	245	25	253	189	245	205	161	255	151
111	234	241	31	255	193	255	194	158	255	142
123	237	254	22	255	202	255	202	154	253	152
111	253	245	21	255	199	255	196	144	255	165
110	239	251	6	252	192	251	186	130	242	150
112	228	242	0	255	184	255	189	122	255	139
108	219	255	16	242	192	255	173	132	255	151
113	223	255	18	231	206	253	177	124	238	164
127	229	255	23	242	189	247	186	120	254	183
116	246	255	27	247	180	237	201	123	243	171
124	241	251	15	238	165	255	216	135	255	159
114	235	255	8	232	177	246	231	121	250	143
105	241	255	0	216	175	230	233	125	232	127
97	236	239	0	207	166	220	233	126	237	138
85	250	250	0	194	164	227	238	113	255	153
105	242	255	9	194	183	233	252	113	255	138
119	246	255	24	184	189	226	255	116	238	121
106	230	255	25	196	179	213	255	131	245	104
120	218	255	12	187	195	229	255	126	240	97
124	224	239	25	182	192	244	252	139	245	102
110	208	223	39	198	194	249	255	142	228	112
120	191	214	41	192	201	243	255	147	212	125
115	203	234	49	208	211	247	255	149	205	137
131	221	221	35	210	215	255	254	141	192	121
132	223	221	55	192	208	255	249	145	175	113
119	228	238	75	178	208	240	248	134	158	106
114	218	230	93	183	190	232	232	123	164	104
126	230	246	108	202	204	218	223	107	148	90
130	224	255	111	203	190	201	218	117	151	86
134	236	255	106	197	206	208	203	100	139	98
119	221	242	112	189	205	208	210	97	149	111
108	223	244	96	201	223	221	223	117	139	122
93	208	242	108	191	218	238	234	104	133	104
97	218	247	93	206	225	244	251	88	123	115
90	224	250	109	220	230	232	255	70	117	117
86	226	250	98	217	246	228	255	59	108	115
89	214	248	115	208	255	220	241	68	104	107
85	211	237	110	218	255	217	255	79	108	97
78	208	245	96	206	251	215	242	78	114	99
81	207	232	100	215	237	232	231	70	119	91
63	208	219	92	208	255	219	237	74	114	88
67	213	230	107	201	255	238	229	65	115	73
62	196	216	105	188	255	241	240	64	130	84
65	212	207	121	199	255	240	255	68	130	69
81	218	195	129	202	255	235	247	67	112	61
69	208	200	147	219	255	220	255	75	98	49
60	214	197	134	238	255	208	255	65	115	46
42	203	182	147	235	251	220	246	72	109	29
37	187	173	136	239	254	215	238	69	95	43
38	196	168	154	224	255	212	228	55	80	31
26	215	179	157	243	255	224	220	64	69	46
29	221	173	141	242	255	211	205	53	64	63
39	229	186	159	245	255	200	214	67	60	51
57	241	195	172	240	237	187	219	55	49	66
71	237	178	156	228	251	190	206	53	63	62
68	247	194	159	247	255	200	209	70	61	63
61	254	197	158	255	255	186	209	80	73	62
57	253	203	176	255	245	197	219	76	75	75
72	253	223	172	255	234	184	205	59	64	84
60	255	210	156	255	231	192	221	44	52	79
49	255	199	169	255	245	209	221	30	40	75
37	246	201	165	243	246	198	210	31	38	58
31	245	210	150	250	238	183	213	37	32	46
47	228	198	160	238	244	174	196	48	29	49
56	219	207	167	241	244	157	216	62	11	57
53	225	219	187	254	253	176	217	56	4	43
60	224	216	188	255	255	166	233	42	0	57
54	216	224	178	245	255	156	228	58	4	41
65	204	229	191	233	241	155	225	57	2	30
55	220	236	185	246	243	169	232	56	22	31
65	214	232	194	243	251	166	232	62	20	51
65	220	245	209	255	236	170	236	50	33	33
70	216	250	216	255	250	159	219	55	37	43
73	233	240	207	255	246	161	221	57	28	25
64	229	231	217	241	255	164	224	65	22	43
63	212	224	208	232	255	161	209	60	40	41
75	196	221	207	240	255	178	207	57	24	44
94	203	232	195	235	248	194	225	66	18	52
87	212	231	187	251	234	207	229	86	38	68
87	195	244	197	240	234	194	225	102	49	56
90	201	255	217	249	234	204	234	89	63	39
108	199	245	212	255	223	188	238	81	49	51
101	203	255	207	255	230	172	250	64	50	45
89	222	255	216	255	221	186	255	72	66	29
73	219	254	223	255	224	180	247	67	57	24
63	226	240	228	240	221	164	247	67	52	9
47	209	229	227	245	227	173	230	69	35	3
31	202	232	233	255	243	156	232	55	29	0
27	193	233	230	247	255	149	239	39	19	12
26	177	231	212	253	248	156	245	57	2	13
11	193	231	223	255	254	160	255	54	0	11
13	182	238	228	255	255	163	255	48	13	0
3	192	241	223	255	249	176	255	36	33	19
0	197	224	210	238	244	171	255	51	24	30
0	212	216	220	242	252	160	244	65	17	34
9	211	210	204	255	255	166	249	78	2	18
7	210	197	198	255	246	166	247	70	11	19
0	199	187	195	255	243	171	247	81	0	23
14	184	171	213	241	244	163	238	86	18	19
27	188	171	225	249	255	165	252	75	17	14
20	187	159	240	255	250	161	255	78	25	29
8	182	158	243	252	233	165	255	76	38	44
0	186	149	255	255	242	163	255	87	45	43
9	171	167	242	244	233	182	255	78	53	29
3	157	176	238	255	219	182	255	67	51	27
9	142	173	247	255	216	192	243	50	55	20
2	139	174	255	255	227	182	247	49	54	16
13	130	173	255	240	215	172	255	41	42	24
3	120	180	255	228	212	164	255	46	42	42
14	116	174	250	212	201	183	250	54	61	28
27	123	159	255	226	206	176	238	73	72	30
37	135	147	243	234	215	167	236	76	62	34
26	123	165	255	247	223	168	232	75	44	19
9	119	168	255	255	238	185	233	90	62	9
0	101	179	251	244	223	203	245	81	57	4
0	87	173	255	255	207	186	236	71	65	10
0	91	190	239	255	199	185	221	66	83	0
5	87	181	235	243	183	185	209	72	74	0
5	81	186	224	233	173	197	209	66	73	14
0	87	174	206	216	171	194	216	55	88	15
0	73	189	206	223	186	183	234	48	78	24
18	77	193	192	221	184	188	238	50	90	33
37	80	191	211	206	199	200	230	43	79	25
46	75	176	220	199	197	213	247	50	80	17
60	72	193	210	205	194	202	255	37	76	4
72	76	208	197	206	200	200	255	26	73	19
72	96	192	216	189	212	201	254	25	64	11
91	106	177	227	194	223	206	255	23	56	7
108	108	165	222	179	242	198	240	10	50	24
99	114	156	212	175	241	195	231	29	61	27
111	119	147	194	194	248	196	221	30	76	41
120	135	146	179	182	233	192	239	45	70	56
115	131	130	166	170	225	195	237	36	68	45
108	131	127	166	156	221	215	220	47	78	34
126	144	129	159	152	226	205	214	41	94	20
132	156	133	144	165	208	213	219	57	80	28
147	160	150	163	156	191	232	225	39	91	47
147	154	156	153	148	186	229	230	34	103	40
148	145	160	168	140	197	241	219	43	96	54
141	163	153	150	146	198	255	204	33	102	53
136	163	167	168	156	216	255	196	28	109	50
143	148	155	150	164	223	255	183	36	120	45
134	133	159	135	176	218	251	176	41	133	48
120	129	147	148	185	223	255	183	60	138	43
139	130	162	148	172	225	255	178	45	139	42
136	144	168	167	163	216	255	179	49	151	54
155	141	187	166	169	223	255	183	42	166	62
162	142	177	153	155	209	255	172	45	157	53
172	146	167	144	142	213	238	183	27	171	64
163	152	149	148	130	201	247	189	36	176	62
166	167	152	155	149	208	247	182	27	184	50
156	175	166	154	143	221	244	168	28	202	40
144	161	150	146	132	228	255	167	16	206	50
145	154	150	138	128	224	255	153	25	188	63
146	158	154	152	130	226	255	137	33	201	83
150	168	174	157	139	239	255	147	50	207	70
143	183	163	158	131	255	255	143	39	213	84
163	201	179	170	119	255	255	128	44	216	72
157	197	172	157	139	255	255	117	62	228	70
141	213	176	160	134	242	255	122	82	244	75
159	207	170	156	143	224	250	108	72	251	72
158	195	161	154	132	228	239	102	74	255	68
159	182	169	158	137	239	228	90	85	255	88
173	191	157	154	157	244	243	87	99	255	78
161	183	149	164	165	252	241	83	108	239	67
170	166	146	168	168	255	238	88	112	239	60
177	169	145	187	151	252	239	89	122	249	48
180	177	158	185	152	255	234	97	120	235	61
200	181	167	170	150	237	240	79	133	232	74
205	194	160	181	140	255	237	73	117	217	68
219	213	151	177	137	255	236	83	116	199	88
236	220	149	192	129	255	247	82	136	212	83
234	209	168	208	115	250	231	70	149	228	98
243	210	154	212	128	255	224	64	161	227	86
228	214	140	211	138	251	233	77	156	238	73
247	226	157	210	124	255	220	69	158	255	77
253	226	142	205	139	251	236	78	169	242	83
255	208	156	192	135	236	243	61	187	255	99
252	222	150	192	139	254	238	62	177	240	83
243	227	138	187	130	249	231	55	181	255	83
245	237	132	180	147	243	234	70	186	247	102
235	224	121	188	155	255	220	84	199	235	93
247	215	112	176	167	239	221	77	210	229	94
244	213	120	182	171	242	227	64	205	234	96
239	198	123	177	155	248	246	55	200	223	88
246	195	123	175	159	255	230	62	185	239	74
252	179	129	164	167	244	228	61	186	235	67
255	194	149	165	163	255	245	44	203	245	64
255	192	146	160	166	255	238	58	208	233	48
255	187	165	166	172	251	251	71	198	232	48
247	193	154	169	169	248	255	60	211	234	40
239	207	170	157	184	243	255	61	225	251	55
228	215	152	176	199	253	255	66	213	254	52
220	198	154	196	187	255	255	54	198	255	47
237	209	139	196	187	253	255	51	192	251	48
222	210	130	210	188	246	240	66	208	255	68