SINAL	ATTEN	MED	H.A	L.A	H.B	L.B	M.G	L.G	THE	DEL
182	231	124	185	188	119	42	215	44	10	14
187	244	129	177	189	131	62	212	49	6	25
197	253	143	174	173	130	71	216	40	25	16
215	252	147	158	192	128	83	201	59	12	22
232	255	149	143	177	142	86	219	73	29	30
243	240	149	137	162	147	87	227	59	32	48
255	233	132	146	152	146	74	239	74	14	37
255	236	134	132	163	157	72	227	82	33	20
255	221	127	147	158	143	63	213	84	19	36
252	206	127	135	172	133	74	208	77	1	24
236	220	139	118	160	136	86	224	68	4	14
237	206	132	113	151	140	105	210	80	13	12
242	190	150	95	142	128	117	192	92	0	20
225	210	168	112	157	113	110	181	88	16	39
243	227	150	117	154	125	98	172	87	32	22
233	216	170	102	147	119	106	190	73	16	11
239	227	159	118	147	126	104	191	89	29	30
232	237	142	110	149	132	115	184	85	39	41
237	249	150	108	135	147	129	170	100	32	47
248	236	138	103	148	153	149	155	93	25	63
255	230	155	95	145	157	145	150	80	24	75
254	249	169	88	129	174	159	162	77	40	67
255	240	156	88	129	188	156	170	64	33	49
244	255	176	84	113	202	153	177	48	31	32
255	255	160	97	118	186	151	180	42	32	38
255	246	161	102	104	196	144	185	25	28	37
242	255	160	99	119	216	152	182	14	30	22
247	255	167	90	123	215	162	195	26	31	36
231	255	174	104	142	211	178	200	24	47	55
238	255	192	110	151	217	168	208	43	58	58
254	241	185	97	154	200	160	205	50	57	77
255	234	168	80	145	186	164	209	43	47	82
255	251	159	65	161	180	170	206	52	63	75
255	239	163	60	159	186	174	198	70	62	67
244	248	177	47	158	186	165	196	71	72	68
251	255	183	63	158	192	180	210	88	87	50
241	255	184	83	169	200	180	226	102	83	69
255	248	180	67	181	212	165	225	122	70	67
255	255	163	68	178	208	150	241	134	71	83
240	255	173	73	195	207	163	244	143	66	94
233	244	158	58	203	191	175	244	140	66	109
228	253	144	60	222	185	162	234	151	70	119
231	255	127	66	217	176	146	218	168	57	129
248	255	144	59	202	162	135	209	155	59	133
243	242	153	67	201	179	128	201	164	54	144
255	255	136	60	209	187	117	196	153	57	157
239	255	118	80	194	175	119	202	167	44	152
234	255	120	77	195	165	124	209	177	62	149
229	255	121	86	210	182	118	224	183	50	142
218	248	123	83	208	171	111	242	184	35	144
231	251	108	72	193	163	125	248	196	25	127
220	235	121	55	213	164	116	255	187	29	136
221	236	129	37	199	161	99	245	207	27	120
234	232	120	22	211	169	114	255	202	45	120
223	235	123	11	212	164	104	250	187	61	104
231	239	142	2	201	154	118	251	202	81	97
221	255	137	11	204	143	100	255	221	86	117
220	255	131	31	194	144	110	255	211	82	131
232	248	129	50	202	160	129	255	202	65	131
236	233	133	66	198	170	141	239	217	72	114
231	220	140	81	207	179	135	230	231	84	131
215	225	123	85	223	192	135	230	216	69	130
212	241	109	76	232	179	120	233	211	83	128
211	228	103	85	234	174	121	249	203	90	120
220	235	88	82	234	163	116	249	221	103	120
210	239	91	88	252	182	133	238	217	104	102
194	245	89	89	243	183	149	223	224	122	107
180	239	105	83	246	184	139	242	243	121	91
190	223	92	75	251	176	135	232	255	126	77
204	233	108	61	255	169	155	236	242	116	85
203	251	120	56	255	165	139	224	242	134	104
207	255	106	72	255	147	154	216	226	152	122
210	255	92	89	255	160	138	232	224	159	129
194	246	87	84	255	146	147	243	222	167	145
195	247	98	67	248	161	158	228	213	187	158
179	245	95	81	242	172	148	216	206	171	171
166	240	89	100	225	188	145	199	200	183	179
167	226	109	96	235	204	146	204	182	179	176
156	237	122	88	230	191	141	220	196	187	190
143	228	122	98	249	194	134	211	216	172	176
157	212	118	80	233	179	143	194	205	164	179
160	224	117	80	242	194	154	181	196	176	179
169	226	104	71	240	203	169	176	191	173	194
170	227	95	77	246	194	155	163	211	182	186
158	234	107	95	251	180	141	145	207	170	185
144	220	126	82	255	185	146	132	202	155	191
160	237	110	98	255	176	133	145	213	155	186
167	255	125	100	248	194	134	165	231	138	179
172	254	139	91	255	197	119	147	228	146	187
177	255	146	77	254	182	102	164	236	158	179
183	255	146	80	255	174	86	171	225	143	180
201	255	144	63	255	190	84	181	244	127	193
185	255	155	76	255	207	77	179	255	117	192
204	252	144	86	255	227	60	182	255	126	204
221	255	147	93	243	233	79	193	243	112	202
237	255	142	94	253	218	70	210	236	98	191
226	254	162	104	242	234	81	216	223	87	194
215	255	158	109	248	217	75	203	243	80	209
230	239	168	122	245	224	74	197	234	71	219
237	249	168	105	255	224	73	205	235	85	234
227	255	182	105	255	243	61	225	255	86	238
247	255	179	103	245	255	45	226	242	106	223
232	255	198	88	241	238	37	244	255	105	211
214	255	188	79	255	235	44	255	255	99	200
230	255	182	78	254	227	47	255	255	118	191
238	252	164	63	249	239	60	255	254	103	193
233	255	153	68	255	240	68	255	255	110	197
224	246	168	78	255	223	74	242	255	103	187
232	248	161	79	243	221	57	240	250	92	205
228	253	149	63	228	220	40	236	249	96	189
222	235	134	56	234	213	54	233	248	105	181
220	241	133	48	217	209	69	230	255	123	198
216	255	146	65	226	192	52	235	255	124	208
214	255	153	84	244	207	51	249	255	128	207
226	248	136	100	231	202	56	235	238	126	203
212	245	137	116	234	196	43	221	254	132	208
218	251	147	121	220	183	49	234	255	130	204
200	247	142	121	217	181	67	249	255	133	189
218	245	138	119	233	165	66	248	244	120	195
238	248	132	118	242	185	65	255	230	104	202
227	254	134	120	231	168	51	255	243	89	209
216	255	130	116	230	176	53	255	244	83	212
202	240	144	116	214	166	62	248	246	76	207
185	239	136	113	204	163	55	231	244	82	202
200	229	136	106	216	158	68	223	229	65	185
219	216	144	126	221	173	79	220	245	78	200
216	204	140	117	218	159	66	215	229	74	209
226	217	147	121	208	150	84	211	222	56	229
219	224	166	110	218	142	80	212	222	52	232
229	227	182	120	203	125	68	197	237	53	241
212	230	166	118	220	109	72	180	245	42	229
218	216	166	129	226	93	61	170	255	26	231
214	234	153	120	232	80	77	164	255	42	245
196	218	144	102	219	65	63	172	255	50	255
200	238	138	107	206	83	81	175	239	34	244
190	227	144	121	209	88	74	175	224	49	229
191	245	152	131	204	79	83	164	236	61	232
183	255	171	123	217	84	96	173	251	60	230
187	247	173	132	213	76	96	158	255	71	224
200	233	170	141	204	73	81	152	255	60	239
209	235	155	155	188	88	69	153	255	57	255
197	242	170	152	202	72	76	142	242	54	242
195	247	175	168	199	64	67	140	248	46	237
179	239	158	159	182	69	66	154	255	66	233
164	232	170	159	187	73	78	142	255	55	245
181	231	189	155	198	72	88	125	238	42	239
180	229	173	158	187	64	101	135	232	59	250
174	239	184	159	193	55	119	155	224	54	255
180	230	203	165	206	66	121	164	226	40	249
165	226	213	148	206	80	128	170	241	43	237
161	215	202	153	195	80	122	176	233	63	241
162	230	217	145	207	74	134	191	223	65	255
150	245	211	151	201	74	136	180	220	53	255
144	230	204	144	213	76	140	189	233	61	255
153	233	213	129	216	89	145	187	242	51	247
142	223	204	136	234	98	163	176	246	46	254
144	222	194	153	236	95	177	190	242	32	241
151	206	211	149	231	82	177	191	253	39	224
166	220	203	163	244	71	190	199	235	49	244
181	224	219	154	238	83	197	181	218	63	236
171	229	236	170	253	72	203	189	206	70	233
190	232	255	171	255	62	214	209	192	85	227
175	242	255	179	255	72	197	193	191	81	212
172	238	255	169	250	80	216	204	186	64	200
189	223	254	157	242	65	216	197	188	69	196
190	220	255	170	249	79	236	202	171	72	200
206	208	255	179	244	88	230	198	186	89	211
226	200	255	195	255	92	244	195	186	74	201
233	213	244	212	255	96	226	187	189	74	207
251	208	228	205	255	107	208	171	202	76	207
255	205	210	212	254	98	225	182	218	93	198
242	187	194	211	255	91	211	202	211	102	213
255	176	181	216	255	95	224	198	215	95	204
253	177	180	209	239	94	213	197	220	79	224
253	183	164	226	225	98	224	193	215	78	235
255	187	177	241	219	89	209	187	206	87	221
247	193	168	254	217	93	207	181	188	95	229
234	177	159	240	227	104	226	188	179	85	246
225	180	155	242	229	106	215	174	187	85	237
224	179	139	232	238	105	201	157	187	98	224
240	174	159	236	255	101	213	169	197	82	236
255	170	159	249	244	106	220	183	200	76	227
239	162	151	243	233	88	240	190	183	63	245
222	157	139	231	248	105	244	198	169	78	255
233	157	130	238	255	113	255	195	166	69	247
216	177	121	231	238	126	255	195	174	75	232
232	178	115	240	228	115	255	209	163	74	232
243	160	112	243	247	109	237	206	174	63	247
254	151	111	233	244	104	231	199	169	56	238
255	147	101	246	230	107	214	193	179	54	245
246	167	119	238	248	105	204	178	199	46	255
231	159	124	245	245	115	205	180	196	30	255
220	165	139	255	238	115	225	189	196	28	240
239	165	136	251	246	126	224	203	209	13	244
238	155	137	255	255	140	226	194	191	11	252
230	158	122	241	255	154	225	197	186	21	255
234	145	114	254	255	142	241	180	186	21	255
218	158	107	255	255	154	244	190	173	32	252
238	147	105	246	255	172	248	199	166	18	255
229	139	120	253	255	165	246	201	170	17	245
231	149	131	237	255	152	255	212	165	11	241
242	154	117	244	246	152	255	231	161	0	242
226	168	130	255	235	154	255	238	165	7	244
228	185	150	255	246	144	250	232	157	21	237
213	180	168	251	231	159	255	219	146	30	229
224	175	160	255	247	153	255	227	146	40	248
222	164	148	246	239	169	255	230	150	36	239
232	147	144	242	230	160	255	233	156	39	248
218	137	132	225	246	176	253	240	140	33	244
207	138	126	234	246	162	253	248	140	35	228
210	130	116	221	233	153	253	232	144	42	212
226	132	117	231	237	151	245	229	159	62	213
213	144	108	216	246	144	241	217	153	47	202
198	146	125	227	253	141	252	199	161	31	208
182	158	119	224	249	135	255	216	159	38	207
181	158	130	219	241	146	255	199	165	43	222
171	170	121	227	250	148	255	212	148	51	237
171	152	107	243	255	159	255	224	137	66	220
157	155	123	252	237	156	239	222	135	72	209
142	167	138	255	225	164	223	239	130	58	193
133	167	146	255	229	168	215	246	142	54	205
134	160	162	248	211	182	208	241	139	49	189
135	170	150	246	202	181	212	255	158	34	186
127	166	148	230	213	163	215	255	149	21	191
126	152	159	225	223	145	234	246	153	3	194
139	137	144	238	205	162	239	250	138	19	188
144	139	128	240	194	161	250	247	152	36	179
150	142	144	229	188	181	238	255	142	23	185
134	160	128	242	203	191	224	255	129	19	170
126	162	118	255	217	197	231	255	128	23	180
141	152	122	239	201	187	251	255	123	33	179
152	159	136	234	206	196	237	255	113	31	185
147	143	134	226	212	207	255	246	110	39	198
161	138	153	240	209	226	255	243	116	46	193
152	126	143	241	211	215	255	249	109	52	192
148	139	135	229	212	221	250	252	122	55	185
162	153	154	239	219	207	247	255	108	54	184
174	151	161	250	216	205	245	250	103	63	181
165	147	168	255	209	216	227	245	95	48	183
165	133	162	255	195	219	246	235	110	68	194
179	130	163	245	204	213	237	247	93	67	209
165	130	147	250	206	219	242	233	105	79	214
182	116	160	255	225	220	238	230	105	65	211
202	135	149	255	213	226	255	226	117	80	194
186	133	138	255	208	240	245	243	100	64	178
175	118	134	255	225	255	255	247	114	84	187
167	132	117	255	213	255	255	255	111	90	199
170	142	110	239	209	255	255	255	116	79	203
179	131	103	253	208	255	255	238	118	93	208
188	147	111	255	218	255	255	242	117	79	199
203	141	118	253	234	255	239	225	135	72	204
204	142	127	242	230	247	246	242	142	57	199
214	160	122	238	224	245	251	226	138	48	190
228	144	117	250	211	253	236	246	134	54	195
234	131	122	236	199	255	221	246	150	46	214
226	124	138	242	210	255	239	229	146	49	229
215	120	141	234	227	255	255	243	156	60	242
220	106	155	226	227	255	255	231	176	43	239
203	101	155	239	238	255	255	228	174	41	255
215	98	155	226	231	255	255	240	166	31	255
200	93	148	235	223	242	240	224	159	18	244
209	104	162	224	231	228	226	225	163	7	255
208	97	174	206	232	214	236	222	183	22	255
206	113	176	193	235	227	218	211	175	21	239
201	99	162	199	230	219	219	206	191	39	254
193	91	163	192	248	218	217	200	199	27	255
200	110	160	177	248	214	203	203	198	25	243
219	116	179	181	255	196	213	220	189	37	255
238	118	186	175	255	202	207	229	173	34	249
223	135	205	166	255	201	219	244	186	21	255
239	128	196	150	255	213	208	228	184	31	249
255	120	187	165	249	201	206	212	199	32	255
255	123	179	163	255	212	201	204	187	29	241
239	131	171	155	255	217	209	220	181	38	239
250	142	167	166	237	214	213	202	195	34	240
234	151	156	151	228	216	226	188	199	31	254
230	135	150	134	212	213	221	176	202	44	255
245	127	141	117	199	196	227	159	207	38	255
254	128	129	99	184	197	245	156	224	26	255
244	131	122	100	184	215	255	147	241	10	255
245	113	117	88	197	217	255	153	226	0	254
255	107	132	96	193	220	244	167	230	0	255
255	102	145	86	208	231	233	166	218	0	255
251	90	129	81	206	233	233	173	202	0	255
255	93	147	78	219	223	226	177	216	10	241
245	109	162	69	223	236	217	188	206	11	247
249	103	182	57	211	223	236	176	216	27	245
255	107	189	64	222	223	245	176	224	38	255
255	117	180	77	224	208	248	162	210	21	255
255	107	181	68	232	224	253	167	216	10	255
244	96	201	53	233	225	249	152	206	14	255
229	78	219	62	242	213	255	159	221	31	239
226	67	218	49	238	222	255	163	227	36	238
246	76	219	52	239	240	255	148	213	49	228
255	79	230	69	231	231	238	146	201	53	246
239	77	232	62	239	234	228	134	203	36	232
249	69	244	53	242	235	212	139	187	33	233
236	55	245	54	244	223	231	146	193	24	248
250	71	249	70	255	209	220	136	197	29	255
255	66	239	77	240	221	205	140	214	32	246
244	58	241	85	255	234	209	148	224	29	240
235	44	244	74	255	221	208	159	223	21	222
231	64	250	66	255	225	203	143	243	18	217
248	84	255	59	244	208	197	155	241	20	222
255	103	251	72	240	190	187	164	247	22	206
240	119	255	60	226	180	172	183	233	5	200
244	129	241	59	217	162	186	193	221	0	203
243	138	248	54	225	167	184	209	224	3	186
255	142	234	63	211	161	192	227	229	0	204
255	136	247	56	206	154	178	241	233	0	194
249	151	245	47	210	159	198	236	253	0	210
242	149	243	64	229	151	196	238	249	9	215
254	153	240	77	232	146	186	228	255	14	212
255	136	239	90	225	159	174	231	255	13	222
255	128	243	87	240	144	163	235	255	16	221
238	136	255	69	229	163	146	230	255	1	224
241	122	255	71	222	157	142	224	255	9	238
234	141	255	78	221	176	148	211	255	0	237
228	136	240	77	231	159	147	204	255	0	236
210	142	234	71	216	164	167	212	255	0	237
193	146	246	54	209	158	153	219	255	0	237
192	134	255	43	199	146	142	234	242	0	254
194	143	255	53	197	134	131	227	249	18	255
210	140	252	57	194	120	145	233	243	10	255
218	135	255	65	191	132	138	222	255	15	249
227	140	255	85	188	145	139	232	255	23	234
234	124	245	92	202	134	125	227	255	6	217
236	135	243	75	198	152	138	216	255	12	214
245	149	242	64	218	147	125	224	241	10	224
248	154	255	81	227	140	124	223	244	16	215
237	153	255	73	246	143	125	224	231	27	235
251	171	240	59	252	144	107	237	220	39	232
239	185	255	58	239	162	95	255	235	31	248
253	173	255	61	255	151	87	255	250	26	255
255	178	255	47	255	160	96	255	255	13	249
250	189	253	47	240	148	107	242	252	17	254
250	173	255	45	246	166	101	252	255	6	255
244	184	255	56	255	174	89	248	248	4	243
255	191	247	44	255	174	105	245	255	15	255
255	209	252	36	249	167	101	255	240	8	255
242	222	255	28	255	183	92	253	255	0	255
232	219	254	33	255	183	76	252	250	0	251
217	202	255	22	241	196	93	255	253	0	236
222	216	245	23	230	204	76	246	255	5	221
234	207	242	37	226	192	94	243	247	22	218
224	216	235	33	213	198	105	250	255	42	227
241	223	224	27	229	205	115	241	255	36	221
254	208	227	44	230	188	134	230	254	19	228
249	208	238	38	249	172	144	226	247	37	245
253	211	242	57	255	186	129	229	255	55	244
255	205	245	70	251	170	140	220	242	72	255
254	223	242	83	236	188	155	216	227	72	240
255	213	229	67	255	175	141	199	228	70	253
255	220	247	71	255	192	144	214	230	68	236
255	219	233	56	255	201	150	229	222	55	220
255	220	250	57	245	219	153	247	205	43	207
255	225	245	74	247	228	150	230	214	25	199
255	234	241	73	245	229	137	248	227	8	213
246	251	255	56	253	232	126	250	211	0	233
252	246	255	58	255	248	143	232	199	9	233
254	235	238	62	251	254	130	218	192	5	234
255	234	237	44	236	240	120	224	195	0	246
244	227	250	48	236	251	130	215	198	2	247
255	223	255	54	223	254	115	229	196	1	247
255	211	255	43	228	251	99	233	184	16	250
255	205	255	37	212	245	83	233	191	18	254
255	196	255	36	224	255	84	225	182	3	255
238	178	255	42	217	255	98	238	188	0	252
255	164	255	38	204	252	84	254	189	9	234
255	148	250	41	192	243	74	236	208	16	246
255	135	234	32	176	255	71	250	208	0	247
255	133	224	37	159	241	62	245	210	5	255
237	138	224	32	177	242	80	252	201	0	244
221	150	225	50	166	236	74	248	202	0	247
240	136	212	59	154	246	92	241	207	0	255
255	126	206	60	154	234	99	226	193	0	255
255	121	200	56	173	248	95	237	188	0	253
255	108	192	71	172	238	88	224	204	0	247
253	94	206	66	187	240	92	216	216	20	255
237	88	223	77	175	229	106	214	203	37	245
255	87	241	74	160	242	102	228	211	32	255
255	101	240	63	172	230	101	230	194	49	255
240	96	226	49	172	243	87	224	199	50	242
224	116	230	47	158	243	85	214	214	67	235
223	99	223	66	149	241	70	229	232	58	248
213	97	220	81	157	236	56	235	251	77	255
222	80	207	82	162	226	54	242	251	87	255
218	73	212	71	182	212	54	255	244	93	239
204	88	196	71	165	226	43	243	255	100	249
218	76	187	87	174	233	44	231	242	83	255
216	66	185	105	167	251	44	225	250	80	255
208	72	176	89	178	248	49	219	239	90	255
205	78	178	90	175	236	53	221	252	92	255
201	74	161	82	167	248	59	209	255	80	252
195	56	156	70	166	255	65	202	250	80	255
213	62	140	90	165	253	82	216	255	82	255
210	46	148	91	171	254	71	223	250	65	255
222	58	141	90	167	245	79	214	248	50	254
219	76	157	77	162	241	97	202	255	44	255
231	66	163	96	152	255	103	205	255	47	255
225	67	168	106	157	245	88	217	251	46	255
233	67	187	126	173	231	93	232	240	45	238
235	77	194	110	178	223	80	250	238	50	251
217	61	195	94	183	224	86	250	228	49	255
205	73	177	95	172	225	98	255	219	51	246
219	80	170	87	154	226	109	237	226	40	232
237	68	154	95	142	246	103	219	211	54	227
231	52	146	81	129	255	101	231	197	37	245
244	43	133	81	115	245	120	246	193	23	244
236	62	122	92	130	255	107	255	187	22	241
249	52	133	105	143	255	106	255	190	8	226
236	47	119	98	128	255	99	246	182	16	221
227	65	135	92	141	255	91	255	197	27	238
222	49	146	83	140	255	94	255	193	22	231
205	51	148	70	144	255	103	255	208	39	222
213	42	144	63	145	243	114	255	197	21	231
230	36	133	77	158	255	112	255	199	40	229
219	25	121	80	169	255	101	241	201	38	220
219	9	108	74	181	255	93	242	213	33	211
229	20	111	69	185	240	84	243	212	38	219
236	38	113	86	170	242	88	252	199	34	210
234	29	116	80	165	226	87	255	191	52	204
222	13	121	68	151	244	77	238	201	53	200
214	0	117	80	138	242	96	251	215	41	199
216	3	133	63	151	255	113	252	231	34	201
234	0	134	50	165	255	95	235	220	44	217
218	0	144	44	179	255	111	234	239	34	233
221	7	139	60	177	255	97	217	221	16	243
206	2	153	79	174	255	101	209	209	22	255
201	15	149	96	191	255	121	200	219	12	255
214	29	159	116	196	241	113	209	230	30	240
215	44	155	125	184	245	105	192	221	28	255
232	47	171	132	194	235	113	175	220	38	255
215	57	165	134	195	236	121	193	205	38	255
231	42	160	152	184	247	133	194	195	55	255
218	56	165	147	201	255	121	194	195	67	253
212	46	149	143	206	244	130	204	202	82	255
198	37	139	146	197	255	120	220	199	98	253
217	31	158	162	204	241	110	215	217	103	255
215	45	167	164	207	232	107	198	223	103	255
208	37	180	154	207	219	95	194	226	111	253
202	56	197	155	226	222	101	180	210	123	255
204	60	185	138	233	227	84	194	206	117	252
200	47	178	129	217	235	99	210	195	112	238
212	57	164	139	215	241	96	205	196	132	250
231	55	181	126	231	224	87	221	199	132	255
238	72	181	138	217	241	99	212	215	124	255
227	60	180	147	222	255	118	209	231	116	255
217	60	193	159	221	255	125	200	229	132	255
225	66	177	144	225	243	111	192	222	132	237
219	52	170	159	208	243	127	183	228	134	234
238	67	184	167	222	238	125	171	244	118	219
223	75	176	181	239	223	128	181	232	100	209
235	62	183	189	237	220	142	183	243	118	219
234	65	171	194	242	206	147	167	232	126	210
233	58	182	213	241	225	133	159	250	127	212
220	50	168	206	235	225	139	165	255	109	222
219	42	176	192	231	230	147	154	255	110	208
234	38	166	191	237	248	138	160	255	103	196
254	37	173	174	252	252	129	168	240	116	182
252	53	174	164	239	237	118	170	233	116	187
255	57	172	173	251	235	131	188	222	103	173
255	39	192	188	234	238	138	179	239	86	156
255	37	199	172	235	232	152	161	232	75	168
255	42	195	160	228	225	149	151	252	92	171
255	46	186	167	234	230	161	139	255	93	183
255	56	179	158	246	230	145	135	246	99	173
249	66	184	147	255	245	142	140	253	104	189
238	76	169	149	253	255	152	152	243	87	192
239	87	172	159	255	255	153	152	236	80	204
221	93	176	150	238	255	169	158	226	80	195
209	113	166	133	223	255	178	163	228	64	215
204	124	159	144	235	253	178	175	214	59	209
217	138	151	147	230	255	164	177	203	47	202
200	150	144	144	227	237	148	161	213	37	221
186	157	144	136	246	255	137	164	204	51	227
182	167	128	125	231	252	146	168	198	68	242
173	155	118	137	221	234	143	159	187	69	255
191	162	127	152	224	233	146	171	195	75	255
188	152	122	166	235	249	134	158	208	62	255
189	164	109	182	249	243	124	178	225	59	249
200	166	127	199	255	255	115	162	220	74	232
208	178	142	199	247	254	98	172	221	91	224
206	182	145	218	252	249	103	156	238	110	221
191	200	154	232	255	255	88	151	246	108	208
195	185	168	250	237	252	89	157	236	102	205
187	195	180	234	229	238	104	166	255	85	219
195	199	163	247	211	255	90	162	250	74	230
194	186	150	243	217	255	78	164	254	94	225
213	195	148	249	217	245	62	169	245	82	241
203	186	131	255	229	233	58	174	247	78	254
208	205	114	243	237	245	74	192	247	97	255
196	207	100	255	221	236	92	193	248	95	245
197	201	112	255	206	222	111	206	245	80	249
201	205	108	255	192	216	107	193	239	88	251
187	200	92	247	195	203	105	183	221	81	255
191	183	75	244	213	194	113	200	211	75	243
191	191	77	255	228	203	105	202	202	65	255
173	185	88	248	225	203	114	200	186	60	255
188	195	93	242	213	215	131	184	172	75	249