SINAL	ATTEN	MED	H.A	L.A	H.B	L.B	M.G	L.G	THE	DEL
189	88	153	22	139	93	131	173	12	74	178
189	101	163	20	142	84	144	166	23	66	164
199	115	154	30	137	90	135	180	41	69	166
182	116	155	15	140	93	142	191	31	80	185
180	128	162	17	133	107	156	187	44	75	176
181	130	147	27	122	98	171	204	42	78	166
171	138	149	20	113	80	176	187	35	69	182
171	131	150	22	113	92	158	187	37	60	166
167	150	159	16	126	88	164	180	47	47	183
155	142	154	5	138	87	148	180	61	54	186
138	144	171	25	130	78	155	177	55	57	194
147	141	173	20	119	89	146	159	40	67	196
156	143	158	40	109	93	146	152	26	79	196
162	136	167	40	113	104	158	140	45	76	200
181	131	161	25	131	96	149	136	60	67	193
185	134	168	38	146	93	135	143	42	60	207
190	150	171	41	134	92	134	141	38	74	210
184	134	184	55	132	88	126	140	53	71	203
177	148	171	44	131	103	135	158	40	60	215
189	155	180	38	119	115	150	160	53	55	234
171	143	165	47	112	98	155	177	52	54	251
175	129	179	59	96	105	152	186	61	62	255
193	133	184	69	111	101	164	196	62	76	255
210	128	174	85	129	104	183	210	76	62	255
216	114	176	76	147	92	188	208	66	81	255
223	112	192	71	165	75	204	195	65	70	255
216	129	178	65	162	76	223	186	67	81	255
208	143	195	83	144	78	220	180	79	89	255
198	143	209	90	134	83	218	175	68	102	255
213	157	207	84	118	74	217	187	60	120	255
229	163	192	93	103	79	233	188	59	128	250
220	147	193	82	89	81	216	171	59	143	235
239	149	193	71	74	71	221	170	62	139	250
255	160	177	90	60	84	216	153	70	130	255
255	162	193	100	66	68	203	162	82	136	253
255	144	191	116	61	73	197	156	97	151	247
251	158	205	134	44	78	201	139	91	150	237
255	147	214	148	62	93	191	121	93	136	253
240	139	198	153	61	110	179	118	77	132	247
253	134	185	151	65	100	171	136	76	132	238
237	129	179	142	72	115	160	148	93	141	253
230	111	191	154	65	135	150	154	96	124	255
217	120	207	157	53	152	154	164	80	143	250
234	112	207	173	49	172	152	176	87	144	255
222	119	200	171	58	178	161	175	103	146	255
231	114	212	173	61	182	148	181	85	165	255
243	102	232	175	45	184	152	163	72	182	255
226	106	228	166	61	184	156	158	85	171	243
235	111	228	173	57	181	170	155	100	153	227
249	107	215	157	42	172	154	173	104	158	233
244	96	215	149	26	171	165	171	115	143	248
234	84	226	145	20	166	152	188	100	135	232
232	102	232	132	26	152	136	190	110	128	223
247	95	217	139	31	155	124	182	112	139	242
255	93	236	147	43	147	106	172	113	133	245
255	93	246	156	40	155	99	179	125	150	245
255	98	242	161	26	167	93	180	116	136	243
244	103	233	176	40	152	102	199	104	124	240
233	118	228	166	57	149	115	214	87	106	238
219	114	246	182	42	155	100	206	105	99	241
225	126	235	197	25	167	114	193	113	103	240
230	126	250	215	22	171	109	184	115	105	255
245	115	242	229	34	162	118	194	117	88	255
232	113	238	240	47	152	129	195	103	106	255
251	118	255	252	44	172	118	178	118	96	255
255	124	255	253	28	173	129	171	108	100	238
246	121	244	235	21	176	112	182	101	119	250
255	103	231	241	25	179	117	177	96	131	248
252	117	228	243	27	173	127	182	90	123	241
255	106	235	233	11	180	121	170	98	134	243
251	124	244	249	30	170	136	175	102	134	225
255	112	253	255	37	153	145	160	107	125	213
255	97	240	255	51	157	135	145	122	117	199
255	79	250	240	69	152	126	143	125	130	183
253	84	255	226	62	137	119	158	135	148	189
255	74	250	243	56	122	110	176	125	147	174
255	89	255	255	64	125	112	164	117	160	188
247	76	255	255	56	121	125	162	113	174	180
253	65	249	248	56	110	144	171	115	174	163
237	52	255	255	69	92	159	182	124	158	173
226	48	255	255	78	82	178	182	117	164	173
241	48	249	255	96	95	196	182	117	166	159
236	30	252	249	80	82	204	185	129	149	142
246	37	239	255	95	64	197	200	143	168	159
255	24	232	255	91	57	196	205	159	180	176
254	40	227	255	95	56	181	211	148	183	171
254	56	240	255	86	70	181	201	140	197	177
255	41	255	255	105	76	177	203	156	197	164
255	28	252	255	105	61	169	193	162	195	149
255	24	234	248	93	44	152	193	152	194	145
255	19	227	240	82	39	167	183	160	180	164
238	1	245	228	78	34	155	174	153	185	174
251	0	255	221	76	37	167	177	158	180	181
255	0	255	212	59	29	168	167	155	181	173
255	19	255	221	60	14	158	156	145	195	176
255	21	247	224	45	9	154	159	136	206	193
255	38	255	243	34	11	163	142	126	194	211
246	26	255	242	53	13	162	126	126	214	197
255	11	250	255	47	4	169	141	143	203	209
255	11	255	237	33	18	152	125	162	206	202
247	18	255	252	16	11	146	113	165	212	219
255	27	247	255	22	7	166	127	165	222	218
255	37	234	238	12	7	183	146	178	230	225
255	26	247	245	0	0	182	151	194	248	224
255	27	234	232	0	0	170	165	205	235	231
255	46	217	235	0	8	170	180	222	245	220
250	59	210	255	8	21	174	185	233	229	230
255	51	201	242	24	24	166	196	221	234	245
255	69	201	250	17	34	181	199	238	235	255
255	85	198	234	31	50	187	218	245	225	255
254	86	181	224	37	64	194	229	255	208	253
255	93	184	230	20	84	179	234	255	206	243
248	96	185	213	37	93	171	226	255	188	255
247	82	174	197	40	87	163	245	255	203	255
255	99	179	204	36	71	153	231	255	209	254
255	84	197	189	41	64	170	238	253	210	255
255	87	199	189	49	81	180	228	255	222	251
255	74	216	178	32	67	199	220	247	214	239
238	58	228	165	41	75	197	204	255	216	241
224	66	232	172	23	72	190	191	238	206	240
210	49	236	173	34	89	205	178	244	196	240
229	48	220	161	37	74	196	182	252	204	246
217	66	207	175	24	71	209	167	255	210	246
212	75	189	177	34	58	201	166	242	213	234
212	64	183	180	38	49	193	173	250	230	240
217	47	191	166	22	32	202	163	250	214	225
227	32	204	154	32	40	208	153	249	203	216
219	46	214	166	26	57	228	169	255	213	219
210	58	214	180	16	65	235	151	255	217	232
203	42	198	173	15	50	244	145	255	206	217
199	29	203	185	23	38	255	160	243	220	225
199	25	194	196	35	56	247	169	228	205	211
206	12	194	199	45	73	240	184	237	203	215
218	31	210	210	56	81	225	187	239	195	198
237	43	196	224	66	74	228	203	249	180	218
227	62	179	224	52	77	231	193	234	166	226
239	80	171	216	36	66	234	197	249	175	224
221	86	174	223	21	58	226	213	255	176	207
217	104	163	227	12	48	212	227	255	192	224
207	100	155	220	31	61	198	225	255	208	224
217	111	153	229	44	62	207	233	255	206	221
211	124	158	230	40	74	206	244	253	200	241
201	114	170	218	60	59	220	248	254	208	255
192	120	159	201	75	55	215	254	242	216	243
183	120	161	203	83	64	205	249	255	218	255
193	139	166	215	86	84	199	248	244	213	255
212	141	182	222	68	77	182	255	255	214	251
211	140	172	210	66	82	188	255	242	226	243
202	123	184	213	80	77	204	255	250	211	228
214	114	172	226	65	68	213	255	247	198	241
212	96	179	221	70	64	197	241	255	196	255
203	105	165	212	86	82	184	231	238	202	255
186	111	181	202	93	68	190	247	235	217	255
184	115	172	218	96	69	198	239	243	224	238
173	106	158	210	109	76	194	234	236	212	225
170	105	149	217	128	76	213	220	251	200	243
164	123	134	208	138	64	203	224	255	188	255
147	119	144	213	143	67	217	232	250	188	255
152	126	151	197	159	75	205	219	241	176	248
141	140	149	205	173	90	213	210	239	173	247
158	145	150	205	161	83	213	214	255	185	249
141	129	139	205	146	82	230	196	255	202	255
155	118	128	224	141	82	213	200	255	205	255
141	126	141	229	140	77	228	201	238	201	255
134	111	159	217	155	78	234	211	242	201	255
135	101	174	231	157	72	233	220	239	203	255
126	89	168	218	174	63	252	226	232	214	255
130	105	188	214	162	53	240	234	217	202	254
136	117	189	209	164	64	252	253	213	194	251
119	125	175	224	175	58	255	253	201	208	250
101	129	188	213	194	54	255	249	213	192	246
83	129	187	198	189	50	249	237	212	185	255
68	117	202	197	187	38	232	244	230	184	255
86	104	217	180	204	52	218	237	224	179	255
102	102	213	199	189	52	228	236	208	180	255
87	104	207	189	196	39	238	237	204	175	243
77	104	209	183	206	25	231	230	202	177	255
88	116	206	187	206	9	232	245	190	186	255
90	113	210	193	224	27	249	227	206	176	255
83	121	197	202	211	26	231	229	203	189	255
95	119	201	198	193	42	246	230	213	193	255
106	117	199	203	206	46	233	220	201	188	255
110	131	186	222	206	47	237	228	206	195	255
124	138	173	223	224	38	255	227	216	184	252
131	131	167	239	240	40	255	210	206	192	250
114	131	164	255	252	40	255	211	198	175	247
116	146	163	255	238	31	247	226	186	170	236
117	134	172	248	255	46	255	225	200	166	225
103	123	176	255	242	54	255	222	186	183	238
105	133	159	255	251	57	255	208	193	200	234
101	144	146	245	251	64	237	201	196	215	232
88	164	163	243	255	52	239	196	183	204	222
80	171	183	255	255	41	247	190	194	192	206
85	187	169	255	255	52	244	177	198	207	188
100	199	162	255	247	42	233	192	192	224	208
83	194	165	247	255	43	231	198	179	220	220
100	191	171	241	255	39	223	214	191	225	234
105	197	173	227	237	21	239	227	199	236	233
118	216	174	240	230	40	237	232	200	249	239
132	216	166	243	233	26	231	239	208	253	235
127	211	179	241	223	45	228	242	210	242	239
138	225	183	248	242	28	242	246	201	241	230
146	218	180	236	255	24	255	230	211	228	225
149	221	199	227	255	31	255	218	213	240	225
158	241	191	227	251	18	255	221	224	237	242
158	225	193	231	255	29	255	240	241	238	242
159	214	192	230	249	36	255	250	246	243	244
174	227	194	226	255	27	249	255	230	255	255
174	244	195	229	255	37	255	255	242	250	255
180	237	193	248	255	47	241	243	251	255	255
196	225	209	255	241	32	243	226	239	251	255
202	236	218	252	247	26	250	210	239	254	255
190	240	212	253	246	44	255	205	242	238	244
186	255	196	255	241	57	239	205	229	226	255
188	255	214	255	250	65	230	192	248	219	253
197	255	207	255	251	55	250	197	255	215	243
188	250	219	255	241	74	248	186	246	198	255
204	255	215	255	255	65	253	177	249	201	255
211	250	210	239	237	54	243	176	233	211	255
195	255	211	226	239	63	245	184	228	198	255
196	255	204	216	255	51	244	172	244	180	255
205	249	221	205	255	63	236	190	255	186	255
187	249	203	206	255	52	234	174	249	183	250
206	255	214	199	240	65	241	190	255	187	248
207	249	231	197	250	56	249	205	255	169	244
192	240	239	212	240	50	250	211	255	179	252
209	244	227	220	239	52	255	215	243	180	255
214	238	229	219	225	69	255	210	255	164	255
204	253	212	224	218	86	244	209	242	172	252
210	252	202	225	212	85	237	204	255	162	255
215	245	197	234	205	67	222	191	248	157	250
228	233	195	227	210	56	209	207	255	171	232
214	252	184	232	224	63	222	224	255	184	248
207	255	195	233	217	69	217	213	238	168	241
222	255	183	248	229	63	217	224	255	177	223
212	255	198	248	228	52	211	232	249	171	206
207	240	186	246	243	61	228	233	255	157	220
207	254	204	233	245	52	224	227	255	141	211
225	255	216	234	233	41	229	239	240	126	201
224	255	215	243	233	47	220	251	224	136	211
215	243	211	235	238	45	228	243	213	130	205
215	232	213	231	243	35	231	238	230	147	211
216	228	198	249	244	48	237	253	219	150	202
227	235	183	255	252	54	224	245	230	168	219
211	230	184	255	248	67	214	231	244	166	220
202	245	181	255	255	74	210	246	255	178	203
190	247	193	255	255	75	201	255	255	177	217
200	235	180	255	255	91	190	251	255	182	202
220	222	172	255	248	86	188	255	255	174	186
206	220	192	255	243	105	199	255	255	192	185
189	215	175	241	245	112	217	255	253	209	180
186	216	186	255	247	114	221	239	255	208	176
178	220	194	255	245	131	229	222	255	202	187
166	214	203	246	229	149	220	230	255	216	188
167	231	222	255	242	164	225	241	255	229	199
169	237	227	254	244	174	212	247	240	212	208
183	255	218	255	255	166	232	255	236	221	206
187	255	229	255	255	159	235	255	218	214	210
186	241	248	255	255	158	219	255	218	232	209
173	247	255	255	255	140	232	255	211	230	199
190	243	255	255	238	139	228	255	204	232	213
180	255	248	238	242	136	228	255	221	216	216
185	246	253	244	239	156	218	255	228	214	222
179	244	239	254	248	155	228	242	217	212	241
167	255	242	255	233	162	229	250	221	212	235
177	252	244	255	227	156	241	243	229	209	233
161	250	238	255	241	150	232	236	244	207	238
154	254	229	255	255	148	224	254	233	223	250
161	247	247	255	241	139	223	255	237	222	238
163	254	246	255	252	121	229	255	240	212	238
153	255	230	255	239	129	211	255	242	232	250
161	252	236	255	228	124	214	255	231	229	251
170	253	223	255	242	106	231	254	245	242	255
166	242	225	248	255	115	216	249	255	232	255
180	248	220	255	240	106	233	247	253	228	249
163	244	215	244	229	121	218	244	255	248	243
155	247	219	232	248	136	220	255	248	249	255
173	251	231	246	233	151	236	255	235	247	250
175	255	228	255	226	154	248	239	234	238	255
184	255	221	255	228	144	255	240	234	234	255
171	255	233	255	244	143	254	255	251	243	255
182	255	219	255	255	161	255	242	255	255	255
169	252	228	252	255	169	243	232	255	255	255
183	236	230	249	255	180	248	242	253	247	255
169	234	221	255	255	173	240	226	246	254	255
169	216	232	255	255	184	242	237	255	255	255
181	205	243	255	255	178	253	247	243	247	253
187	189	226	242	255	196	237	238	255	229	255
187	204	243	247	255	183	221	244	255	232	244
174	202	232	241	240	199	239	250	255	223	248
193	184	251	253	235	186	228	255	255	235	231
175	174	254	245	249	178	241	252	237	232	250
186	184	255	255	233	173	253	236	255	215	255
204	173	240	255	246	176	246	236	239	217	255
216	189	255	254	231	177	228	226	242	205	245
207	200	255	242	220	191	216	210	252	216	255
215	212	255	249	229	204	235	209	255	218	255
202	203	255	237	237	200	235	222	247	206	255
211	223	240	249	253	198	249	223	255	219	251
200	221	229	233	255	210	255	210	255	218	255
198	220	215	230	251	194	249	224	238	210	250
189	231	212	217	248	206	235	239	251	198	252
181	248	195	220	255	216	217	243	255	198	255
178	255	203	236	246	209	213	233	249	192	255
163	249	213	241	238	204	201	249	255	179	255
160	231	207	230	246	205	188	237	255	170	250
157	234	223	225	255	203	174	237	249	167	255
170	247	228	233	255	205	159	243	241	173	243
168	230	212	248	255	203	162	255	248	159	225
152	222	216	233	255	190	162	255	244	152	214
154	237	216	246	255	188	149	245	243	161	222
156	254	211	255	255	176	153	252	241	149	213
171	247	202	244	255	163	172	255	223	158	198
190	229	206	255	255	158	163	246	228	146	201
188	216	212	247	243	156	168	232	229	132	208
198	216	230	237	233	173	157	252	236	136	207
208	202	227	244	222	180	145	248	229	151	198
200	206	225	253	238	198	162	255	238	154	187
216	201	210	254	239	184	149	249	227	166	170
204	202	215	255	249	180	151	249	221	148	181
211	200	233	255	232	187	146	232	218	166	188
227	208	245	251	231	184	165	217	222	159	190
244	222	242	255	213	190	151	223	219	166	202
246	205	255	249	198	179	139	210	211	185	190
245	218	244	237	204	195	137	204	229	204	184
242	221	255	229	193	201	141	188	249	219	169
229	217	244	211	206	188	149	187	255	226	181
226	222	240	222	202	182	151	184	248	222	173
244	230	231	232	199	202	157	196	255	216	170
251	215	220	249	216	220	169	206	255	202	164
243	198	229	255	236	231	152	198	255	203	166
232	185	242	255	242	244	137	198	255	223	156
227	182	230	255	254	246	139	196	255	219	170
217	177	216	255	255	239	147	216	241	206	180
203	195	212	247	245	255	160	236	225	211	178
202	183	201	235	255	254	172	228	218	231	196
208	201	189	233	255	247	188	217	228	238	189
215	198	197	235	249	255	208	228	223	248	174
220	207	216	233	255	255	226	244	219	239	172
219	227	232	224	255	238	234	234	208	254	173
213	234	228	217	242	251	225	252	215	240	160
204	219	214	213	227	240	244	255	203	246	177
193	221	225	206	214	249	244	255	222	255	179
213	220	241	223	225	255	255	255	216	253	189
212	216	248	209	225	247	253	255	205	255	206
225	217	239	221	215	244	244	255	212	254	205
221	204	255	205	206	255	255	254	199	247	223
220	214	239	192	210	253	255	255	213	241	216
235	216	246	185	228	248	251	238	213	255	230
220	207	229	168	222	238	245	253	229	255	236
229	208	235	176	213	252	255	255	232	255	229
247	207	254	195	202	234	255	238	248	255	239
252	225	246	205	210	243	250	243	255	244	251
255	220	243	210	211	255	232	255	238	232	242
255	211	241	194	224	239	234	253	255	219	255
240	195	250	206	221	228	233	249	253	204	255
249	194	236	223	238	229	222	243	255	195	248
237	182	227	240	249	224	212	255	249	187	255
241	192	246	227	233	224	212	255	255	206	240
248	190	232	238	239	240	230	255	255	214	251
235	172	233	231	255	223	212	249	251	202	255
230	177	244	236	255	216	196	232	255	219	255
220	165	240	244	238	215	198	229	255	203	246
227	173	229	248	245	232	185	219	255	202	231
214	193	230	233	252	252	205	217	255	208	219
197	200	248	246	246	243	192	223	241	204	219
205	182	255	255	239	255	200	226	226	204	236
212	179	255	255	249	255	216	227	244	219	249
214	188	251	241	248	255	218	244	243	228	254
205	171	252	252	247	255	201	229	227	225	255
224	181	255	255	253	255	186	232	210	227	255
216	196	251	255	255	255	189	228	218	233	254
221	188	233	255	242	253	194	224	237	228	255
203	182	243	255	255	255	183	217	225	235	255
201	187	255	248	253	255	166	223	242	222	255
221	196	255	255	236	255	183	206	255	229	255
206	199	255	255	251	255	177	218	255	240	247
202	182	255	255	245	250	192	223	255	240	245
202	164	255	241	255	242	212	208	241	247	255
195	176	255	255	255	252	210	190	235	247	243
186	178	255	255	245	255	224	177	238	242	255
189	168	255	255	255	247	227	191	222	255	245
181	178	243	245	246	233	224	202	213	255	255
194	174	250	249	240	246	225	209	217	255	242
196	187	255	247	232	233	226	227	222	255	244
191	175	255	247	247	246	222	237	206	255	249
211	186	248	232	254	246	209	252	220	255	255
231	178	241	228	255	255	201	243	234	255	250
222	179	225	238	244	254	186	232	235	255	233
236	172	217	241	249	252	206	233	241	255	245
222	157	199	250	241	238	211	217	226	246	255
236	166	210	246	233	238	212	206	238	234	255
237	153	216	244	249	249	214	211	254	233	255
230	157	208	252	250	254	220	219	255	227	255
214	174	201	238	234	255	202	230	238	213	255
233	157	200	220	251	255	212	233	231	225	255
234	142	207	219	239	255	221	250	218	240	255
227	157	199	237	250	251	216	243	213	225	238
246	147	186	230	244	237	228	247	230	214	226
255	162	206	218	255	231	239	254	217	212	243
237	182	201	230	255	225	243	255	209	219	245
229	190	207	227	255	227	247	242	225	238	246
246	178	209	212	255	233	241	233	237	250	251
251	175	195	207	255	237	231	226	222	255	237
235	184	194	212	255	241	234	215	217	255	238
217	172	205	228	240	243	254	214	235	255	233
209	163	217	234	255	255	236	218	228	248	241
203	150	229	223	255	251	240	226	217	241	243
221	139	217	229	255	239	226	224	230	243	228
232	135	218	222	255	235	226	236	225	255	220
220	130	234	233	255	239	223	251	242	255	234
226	137	248	221	255	235	215	241	239	237	221
229	154	243	238	246	218	218	253	230	230	207
220	164	243	250	255	233	217	236	242	239	202
221	153	240	255	255	234	227	229	233	255	210
226	162	234	255	255	245	216	212	223	255	213
232	157	243	255	255	255	210	216	222	255	228
223	170	228	254	243	245	208	231	232	246	226
207	152	219	244	247	228	215	243	235	240	226
212	158	227	255	248	225	205	225	248	255	227
223	169	230	247	253	212	191	245	251	240	210
207	157	227	234	255	216	203	239	253	227	213
216	158	211	236	255	223	195	225	255	230	222
228	175	226	249	255	208	187	210	253	224	221
218	171	231	240	242	191	195	201	255	225	207
224	180	236	246	224	178	209	207	255	208	225
214	198	245	240	243	164	200	195	255	199	221
212	185	252	253	235	157	200	203	255	181	224
201	185	237	245	236	149	207	185	242	200	208
206	176	233	255	218	145	194	182	241	200	221
222	183	252	247	230	138	190	180	243	213	236
241	202	251	241	238	156	192	179	251	199	249
234	188	235	243	255	142	193	166	250	212	232
246	170	250	255	255	144	212	180	255	200	247
255	176	249	251	255	160	207	194	240	206	255
255	180	238	246	255	162	201	184	250	215	255
251	192	224	254	239	168	187	185	251	232	255
255	205	228	238	248	159	178	188	237	237	255
255	206	247	225	235	179	185	202	221	238	253
255	197	243	241	242	179	205	194	238	251	235
249	203	233	240	245	186	196	185	245	240	230
232	193	245	255	236	194	193	177	234	244	244
248	202	255	251	222	213	208	183	216	237	255
255	194	255	255	237	225	192	198	215	254	249
255	197	255	239	228	234	192	183	207	255	255
255	180	237	226	245	243	207	200	215	252	250
252	196	220	234	255	249	194	213	215	255	242
242	214	221	223	239	255	206	229	221	252	247
230	229	232	221	229	252	196	218	232	255	255
238	211	246	204	247	247	197	206	221	255	255
236	215	245	214	248	255	211	188	224	244	244
227	201	255	226	230	255	225	204	234	247	246
210	188	238	211	229	255	214	218	245	243	255
205	206	255	218	234	255	213	232	250	227	253
199	193	255	218	236	255	221	219	255	246	253
195	195	238	212	224	255	217	212	253	250	255
197	181	236	224	219	255	235	226	255	255	255
194	190	239	239	231	240	219	242	255	255	249
182	204	254	246	242	233	235	243	255	238	238
179	224	255	255	243	234	254	255	246	222	233
195	208	245	242	255	245	255	255	241	232	237
197	228	252	248	242	255	251	254	223	243	223
198	226	237	255	231	255	255	253	239	243	234
210	216	248	245	234	255	246	255	237	241	221
215	214	247	243	253	255	255	255	225	244	206
232	226	232	249	255	255	255	245	219	253	206
234	235	243	255	255	252	255	233	216	255	212
225	230	252	246	255	242	253	228	236	255	228
216	227	254	255	253	255	243	225	223	255	241
198	229	255	243	255	255	254	211	214	255	238
198	230	245	252	255	255	242	220	203	255	254
197	230	255	243	255	238	235	221	220	255	255
194	220	239	227	247	255	226	233	221	243	238
189	213	245	216	239	255	245	215	221	230	255
178	223	235	208	253	255	233	206	236	241	247
165	227	240	197	255	253	230	194	249	227	255
181	220	255	201	253	239	233	180	244	239	248
191	212	255	212	255	241	240	200	237	224	250
208	232	255	204	250	225	254	207	254	217	247
206	236	255	211	245	244	251	226	255	215	255
200	247	255	228	228	255	255	219	255	224	245
211	248	255	234	242	254	255	224	255	214	255
215	233	243	254	240	255	251	222	248	198	245
208	240	234	238	255	255	255	207	255	203	245
218	239	253	249	255	237	249	220	255	197	252
213	254	248	233	255	255	255	222	254	214	255
231	236	230	228	255	255	241	221	247	219	255
228	218	245	213	240	244	255	222	253	218	255
235	225	229	203	231	247	255	242	247	209	255
245	218	211	220	230	254	255	238	255	202	255
242	205	228	219	228	242	255	242	255	187	254
232	207	221	219	230	251	255	236	247	204	255
227	215	224	227	238	255	239	231	247	187	255
234	208	222	214	228	255	255	247	252	175	248
242	213	210	213	247	255	255	255	255	166	250
229	198	211	197	255	255	237	255	246	180	249
217	189	212	201	255	253	251	247	254	169	255
228	197	199	191	241	255	255	237	238	162	243
214	179	207	192	252	247	255	223	227	164	239
204	187	218	204	255	234	241	240	216	168	229