SINAL	ATTEN	MED	H.A	L.A	H.B	L.B	M.G	L.G	THE	DEL
53	235	113	88	232	84	238	247	0	115	165
67	241	102	106	239	73	241	255	0	121	152
74	239	115	111	237	89	233	255	16	114	137
74	229	128	102	233	105	249	255	5	123	119
60	241	113	110	217	98	255	255	20	124	110
67	235	113	116	227	96	254	246	28	122	128
65	224	133	108	227	85	255	229	34	137	139
49	219	133	121	232	68	255	222	41	147	132
62	225	126	122	251	59	255	219	26	154	123
45	231	140	117	255	62	248	222	44	137	136
43	216	136	128	240	44	239	217	58	134	126
37	218	147	121	255	48	237	237	72	147	141
40	233	133	109	246	40	243	248	65	161	161
43	238	117	127	230	29	239	238	85	159	176
44	221	130	118	245	43	224	252	77	150	163
29	221	145	126	234	26	239	255	94	157	179
29	233	158	122	236	27	240	240	88	159	175
44	252	178	107	242	17	255	253	95	171	169
29	238	190	104	255	29	253	255	81	158	184
19	251	192	110	255	24	255	255	85	152	195
5	255	210	124	249	15	255	255	103	147	199
22	255	196	123	233	0	248	237	98	154	205
8	238	213	114	231	18	255	231	98	146	213
25	221	215	107	223	27	255	251	116	152	207
31	229	226	97	220	16	255	252	129	146	222
28	242	223	93	231	12	255	255	147	130	229
12	250	207	81	227	15	250	255	164	124	217
6	233	218	91	218	24	255	243	166	115	207
15	246	233	82	207	42	238	235	174	134	214
11	247	225	92	209	39	255	218	194	154	210
8	239	226	83	224	55	255	222	190	172	193
0	241	222	75	221	66	255	240	195	173	199
3	255	239	64	224	82	255	235	177	157	181
0	240	255	48	213	73	255	233	165	145	180
0	229	255	55	207	57	246	229	155	144	165
0	216	241	46	210	59	244	216	164	128	154
18	205	255	49	220	52	247	213	165	119	140
29	215	255	64	225	72	230	214	181	102	141
30	227	255	73	214	63	222	218	189	110	140
40	219	239	59	215	81	211	219	186	104	125
58	228	243	77	220	77	230	238	179	92	113
70	241	228	72	234	70	248	220	170	74	107
74	251	219	80	243	53	249	229	164	64	90
58	255	224	80	232	46	255	241	162	58	95
59	255	230	71	220	32	246	237	145	70	99
64	238	215	54	220	51	255	250	133	87	94
49	225	197	45	207	41	252	253	118	100	88
59	235	197	56	202	43	255	255	134	117	96
57	255	181	40	194	59	254	255	133	132	85
40	255	175	27	192	42	255	255	149	141	89
33	255	195	44	211	47	241	252	141	124	82
42	255	188	58	205	62	248	255	155	108	98
51	245	207	55	210	65	236	253	139	120	117
57	255	194	68	220	84	222	245	146	123	118
71	255	178	88	230	76	212	250	161	112	127
79	248	167	71	250	87	229	255	149	110	131
98	240	154	75	255	99	232	255	135	117	148
115	235	164	83	255	90	230	255	134	136	150
126	247	153	81	255	107	220	255	128	137	152
131	234	160	77	246	121	236	255	127	131	147
116	228	157	73	249	125	252	247	145	133	129
108	211	144	88	255	140	253	239	143	128	126
126	214	154	79	255	143	255	227	133	131	136
127	216	171	65	250	141	241	210	132	140	143
124	214	179	65	236	124	255	206	126	159	153
134	210	182	82	243	130	240	217	112	166	138
143	212	193	64	245	132	245	203	114	184	130
146	202	180	58	255	116	241	199	117	192	141
157	221	163	47	254	116	226	200	109	206	147
146	219	178	42	238	102	217	186	99	207	159
152	216	196	53	228	102	215	186	116	196	150
144	226	185	38	235	98	207	206	119	214	169
127	214	168	29	253	105	193	206	101	213	154
140	209	168	14	255	99	213	210	102	205	145
148	217	167	29	255	118	203	192	94	221	146
138	227	171	31	242	107	213	201	106	231	163
157	241	165	16	225	103	228	193	97	239	166
167	240	162	15	211	97	247	186	117	247	159
172	246	152	14	231	81	249	171	126	238	149
178	249	158	12	249	97	255	173	120	255	144
160	252	161	3	255	88	255	165	122	255	158
177	251	158	0	255	82	255	155	115	255	162
177	249	156	18	255	73	255	175	120	255	145
181	239	171	36	255	57	255	192	125	255	164
188	249	169	56	237	67	250	198	112	255	175
186	255	177	71	238	78	249	184	109	252	187
192	255	168	84	224	82	255	183	126	247	176
183	251	175	86	230	76	255	190	116	255	186
198	249	161	80	232	76	243	206	99	254	204
209	234	169	80	239	95	241	192	101	255	214
216	235	180	86	230	86	239	190	117	250	200
215	246	171	77	245	82	224	204	131	243	186
229	255	185	61	245	95	215	188	151	255	206
232	255	205	55	249	108	234	174	144	255	190
250	255	199	51	248	90	244	165	158	240	209
249	255	212	38	255	91	245	148	167	255	223
232	237	219	32	247	96	237	154	156	255	236
233	226	232	14	255	101	255	165	146	255	253
217	245	249	0	238	97	240	177	138	252	255
236	244	255	0	224	80	235	190	123	255	255
227	255	255	0	220	71	224	174	139	243	247
229	255	252	20	208	72	242	178	131	226	234
242	242	255	13	193	74	240	162	124	227	250
246	234	253	30	189	68	227	162	143	211	253
240	229	255	30	198	87	228	162	142	224	255
231	248	255	14	186	102	239	151	157	226	254
223	251	244	21	178	120	223	136	144	210	255
209	255	255	8	184	130	206	119	136	230	255
217	255	255	0	168	128	204	121	140	226	251
220	239	250	0	152	110	198	107	124	244	255
204	246	237	10	169	130	206	119	109	249	255
208	244	255	27	164	117	226	117	95	241	255
207	255	247	47	175	116	233	123	105	233	249
212	244	231	55	171	109	240	121	122	244	238
198	231	226	67	171	121	240	120	127	238	230
185	237	219	75	163	119	251	103	117	250	217
191	233	229	65	174	106	238	97	135	246	213
209	225	214	70	174	94	227	80	123	243	225
208	224	204	72	158	95	238	67	129	255	241
208	233	207	55	160	91	235	65	146	255	237
211	232	215	59	176	76	225	47	158	255	253
195	243	198	50	191	90	218	67	148	252	240
187	240	218	36	184	96	223	71	136	252	227
177	255	223	19	202	109	239	64	119	237	231
185	255	229	36	190	129	222	76	122	223	214
198	255	217	20	194	146	210	96	113	240	220
192	240	199	21	193	159	225	84	103	245	219
207	254	206	27	193	176	210	94	93	254	231
212	255	220	39	203	174	193	103	105	236	220
217	246	225	52	218	170	201	101	111	235	231
221	233	212	36	230	178	197	92	128	232	215
232	244	223	36	218	194	215	100	133	238	221
219	255	225	19	229	209	230	89	117	221	221
215	255	245	32	212	224	248	84	124	234	238
198	239	248	19	203	242	248	93	136	244	223
197	232	244	35	186	251	255	102	135	233	221
216	236	232	45	191	236	255	106	148	239	231
204	233	220	55	203	222	255	120	146	240	242
214	249	229	52	189	206	255	132	143	232	228
199	255	223	35	190	203	245	149	134	217	235
194	237	206	33	189	206	255	140	145	225	237
201	223	199	22	187	216	255	149	165	242	250
197	215	201	40	182	220	240	131	155	225	255
196	227	220	39	197	210	249	126	139	219	255
215	247	208	38	214	205	255	131	132	202	255
202	248	196	25	224	193	244	124	147	197	246
209	245	215	38	239	189	248	130	158	215	237
220	232	223	49	226	185	235	119	140	224	237
216	252	220	57	211	171	234	125	128	214	230
228	255	228	39	222	188	222	127	131	227	246
220	255	236	59	205	193	221	111	148	239	248
209	255	235	70	188	208	238	122	135	235	234
200	255	248	67	198	208	229	123	139	242	245
215	240	255	65	182	191	228	119	145	238	248
197	226	241	55	190	181	231	130	147	237	255
188	226	254	55	184	185	245	129	142	246	255
183	244	245	57	198	184	236	131	137	255	255
189	255	255	42	182	201	253	129	150	255	255
174	255	255	42	172	206	248	120	144	245	255
180	242	238	53	166	213	255	133	158	243	241
176	246	227	35	158	208	255	124	154	255	255
163	238	237	46	170	196	255	134	151	243	255
174	244	245	43	182	199	244	128	169	245	241
167	233	248	25	195	184	254	116	170	255	226
154	250	255	24	208	195	239	135	171	249	237
148	253	255	36	219	212	224	151	189	236	235
138	245	255	24	206	208	238	161	185	254	238
148	239	255	13	224	211	237	157	200	255	226
140	229	255	1	220	228	254	154	195	246	224
147	223	242	4	208	221	255	154	186	255	206
152	218	232	4	201	217	241	171	187	243	215
153	200	223	22	205	224	255	177	170	255	207
161	201	243	9	205	212	249	178	174	255	207
166	212	247	9	197	201	242	182	170	255	193
169	216	231	24	209	200	255	166	153	255	178
153	202	226	14	225	186	247	186	136	255	178
165	207	216	22	245	197	254	199	135	248	183
173	194	219	42	232	185	255	210	125	255	188
177	205	220	37	250	170	255	205	127	255	176
189	213	208	54	234	168	255	208	122	248	160
193	211	223	73	223	188	248	215	124	255	143
194	199	236	55	222	197	238	197	112	255	141
178	188	233	38	222	198	221	200	124	248	152
170	174	252	55	222	210	219	198	133	234	154
158	177	252	72	235	209	227	180	139	246	154
152	189	250	74	248	221	215	171	154	233	168
148	178	243	68	246	205	233	185	155	249	165
164	178	255	61	255	194	238	187	143	235	150
167	198	244	61	255	195	251	182	127	254	144
173	187	255	56	240	197	236	197	133	255	128
161	178	255	42	229	215	233	212	119	237	112
165	165	255	52	243	223	224	232	115	240	108
167	156	255	35	247	212	238	243	103	236	118
155	175	240	31	231	201	224	248	109	246	135
138	158	251	30	250	186	217	255	121	243	125
154	164	251	30	255	171	212	255	106	236	119
174	167	246	50	255	162	224	255	125	249	122
193	174	251	64	253	159	215	255	136	236	105
188	190	255	53	244	156	224	255	118	227	87
181	202	255	35	245	169	210	243	102	220	83
177	206	254	47	253	161	224	243	93	239	101
190	207	255	29	255	168	240	227	91	238	85
185	206	255	17	255	188	251	224	110	231	98
194	225	255	21	255	207	255	221	129	237	111
192	209	237	41	248	210	255	219	137	244	119
175	202	240	59	255	197	255	209	148	255	109
178	210	241	57	255	185	255	203	150	252	123
171	226	247	57	255	196	255	189	165	252	127
157	243	244	70	255	198	255	202	163	249	122
149	255	229	79	243	199	247	215	149	237	107
144	255	216	89	252	219	236	214	144	221	99
147	248	227	104	255	201	236	212	146	222	81
167	250	232	111	247	188	241	212	157	212	101
175	239	246	116	253	181	230	231	161	219	110
187	226	229	117	255	192	240	248	150	217	106
189	212	237	127	244	178	255	233	150	219	95
191	206	243	116	255	194	255	219	138	228	79
191	211	230	135	255	188	255	222	121	225	94
205	202	242	144	254	179	255	229	124	221	79
205	218	233	133	248	164	255	239	138	213	71
225	221	249	129	231	167	255	235	138	208	70
222	217	255	141	241	167	255	247	130	217	74
226	209	255	133	255	165	247	241	133	202	79
229	203	255	146	250	184	255	255	142	207	67
223	196	248	166	245	199	255	255	137	223	80
237	180	249	150	237	206	255	239	135	238	97
254	197	252	151	231	203	250	249	154	242	102
255	183	255	155	230	199	245	255	164	255	102
252	196	247	147	242	205	255	255	151	253	96
255	184	241	166	229	225	247	244	158	239	82
252	203	243	150	213	228	240	239	166	248	71
255	191	242	155	233	226	255	254	181	238	78
255	175	227	165	226	208	255	254	190	227	72
255	180	228	168	232	205	238	255	174	242	83
252	195	210	183	237	188	237	255	164	235	88
234	208	220	191	249	201	219	251	162	218	86
226	211	221	195	236	185	227	236	174	237	92
228	227	223	201	251	177	233	219	187	229	91
223	234	225	198	254	171	252	204	194	231	106
242	238	224	196	255	159	245	202	191	233	106
231	230	231	212	255	161	237	193	188	241	118
214	222	235	223	253	158	237	190	193	255	120
212	212	223	217	240	148	224	202	202	255	131
208	228	229	210	240	154	230	220	220	249	128
202	214	215	206	244	169	227	208	224	233	136
221	205	200	217	240	164	245	224	220	235	123
219	211	194	208	250	184	255	227	206	227	107
232	203	183	206	253	196	255	227	199	210	116
235	198	173	201	253	202	255	224	197	222	116
234	189	179	192	250	216	255	217	186	238	115
248	205	193	204	255	232	255	200	173	239	99
244	212	198	220	255	242	255	194	180	226	102
242	210	211	233	237	255	238	202	171	239	105
243	219	226	231	224	255	222	208	166	245	102
234	229	209	242	234	255	209	190	171	247	95
231	216	203	231	223	255	202	192	178	230	81
250	200	223	250	218	242	190	184	167	242	67
240	193	235	245	238	254	177	168	183	234	60
253	210	229	255	250	255	164	179	200	242	60
255	214	248	238	235	253	158	184	210	240	65
240	213	237	251	223	246	162	172	221	255	68
248	206	236	238	242	245	180	187	214	245	86
244	213	253	245	225	247	194	192	209	244	98
248	231	242	234	237	244	209	180	196	255	102
255	250	249	220	254	255	213	198	178	245	102
255	248	255	228	255	255	218	180	170	255	120
246	235	255	244	255	255	233	185	180	255	115
255	237	255	255	255	255	240	199	189	241	103
255	249	255	255	247	240	245	203	196	235	114
255	255	255	254	255	233	233	205	180	226	104
255	255	255	255	255	235	236	216	177	211	120
255	255	251	248	247	227	253	222	177	199	134
244	238	233	231	255	231	255	229	183	200	150
227	227	248	237	255	216	255	230	195	207	163
220	228	255	236	243	229	243	219	181	214	177
227	227	255	255	249	238	247	214	198	223	170
219	211	255	255	244	241	251	228	206	214	174
236	211	255	254	255	247	244	218	195	221	194
254	222	255	240	254	255	240	229	196	238	196
255	205	239	230	255	255	251	224	216	226	205
255	224	231	229	255	255	240	223	220	221	211
249	221	244	242	252	255	235	220	219	216	210
255	229	249	255	244	240	219	233	229	231	215
255	241	240	242	251	246	218	232	211	240	198
255	242	240	238	255	255	222	228	198	230	183
255	242	251	227	250	245	224	244	196	241	200
243	251	255	228	241	235	215	235	188	240	214
255	235	255	214	251	224	207	229	173	233	225
255	251	255	198	243	241	201	227	188	229	227
252	246	255	205	255	254	196	229	173	238	245
244	251	247	191	251	255	190	241	159	231	230
246	255	255	194	255	255	205	254	160	216	244
255	252	255	187	240	255	210	255	162	208	253
255	243	249	181	223	255	199	245	151	216	255
243	255	252	192	230	255	201	251	169	220	255
225	255	255	212	221	255	190	255	178	205	255
242	255	243	232	213	255	183	255	173	202	253
234	255	255	246	207	255	203	248	159	190	252
229	255	252	250	223	255	214	231	141	178	242
226	239	234	234	205	255	203	250	131	194	230
214	245	251	229	220	255	196	255	113	195	234
198	235	255	226	224	255	180	243	100	179	247
186	241	248	209	241	250	180	250	110	166	252
169	244	255	202	247	234	191	249	128	182	242
165	246	251	196	255	236	181	255	121	171	248
163	240	255	207	237	247	201	241	133	166	255
161	231	240	207	249	255	219	244	152	163	255
169	249	241	210	239	255	235	255	164	169	255
174	238	231	199	249	255	223	255	177	175	242
162	227	239	204	232	255	208	254	181	168	249
155	232	250	222	235	255	218	255	175	169	250
171	247	255	215	237	240	205	251	172	165	255
171	250	255	220	242	236	224	255	187	176	255
160	255	255	208	237	245	239	255	203	175	255
158	246	251	200	255	255	238	255	215	159	255
155	235	240	205	243	245	229	252	206	176	255
138	239	233	212	253	255	225	255	220	173	255
127	253	217	197	253	255	238	238	206	166	253
119	246	209	189	255	255	250	234	207	184	255
102	250	219	199	248	239	232	220	220	198	255
108	237	219	194	255	221	243	239	225	218	240
108	255	217	195	252	239	243	239	212	232	247
116	255	222	189	235	251	249	247	194	214	253
129	249	205	205	226	255	254	255	189	225	244
116	247	219	196	238	255	236	255	178	214	236
108	238	212	196	236	255	248	255	197	225	232
121	224	199	188	231	240	253	255	198	212	221
106	226	193	177	238	231	255	252	196	231	234
109	226	195	176	223	248	255	255	213	216	219
93	243	212	177	222	234	255	253	221	217	206
82	250	197	171	217	236	255	241	221	208	206
69	246	195	184	232	226	243	224	212	201	205
76	255	206	193	219	243	252	223	214	198	207
69	251	189	192	213	255	240	221	219	213	211
56	255	188	189	209	253	255	207	224	226	222
42	255	205	195	199	254	255	213	231	214	212
60	241	215	210	187	244	255	230	238	199	231
50	237	208	217	189	251	255	218	245	205	221
42	222	207	226	208	255	245	225	255	206	231
56	218	214	239	193	247	234	236	255	191	218
76	213	225	240	175	233	220	239	255	175	231
67	216	234	231	161	242	210	221	243	181	231
67	207	229	235	161	243	195	217	247	167	240
61	200	225	252	175	250	214	210	244	152	239
74	199	226	255	177	235	216	201	246	146	229
62	187	226	255	191	236	225	207	252	164	212
80	175	219	251	208	237	242	190	255	172	199
70	191	223	234	192	255	253	186	255	183	216
78	193	234	225	210	246	250	179	241	174	211
95	177	218	208	216	255	255	181	224	173	205
99	182	226	225	199	255	237	191	216	157	198
102	169	238	220	189	239	241	195	225	146	205
88	156	227	237	199	231	255	196	231	128	214
91	171	226	231	191	229	255	211	218	126	208
95	170	229	249	200	213	255	202	204	124	202
112	173	245	255	198	225	241	207	208	123	219
131	171	246	248	197	220	252	213	207	127	227
123	173	254	251	187	207	255	223	198	134	233
114	157	251	255	192	224	248	217	216	126	230
120	149	255	238	190	208	234	229	204	114	223
107	159	255	244	173	212	245	216	223	120	222
127	143	255	231	191	215	246	212	209	125	236
118	129	239	228	209	201	255	225	215	128	229
115	127	252	244	228	215	243	214	202	122	218
102	128	255	233	223	213	255	234	220	137	203
120	127	255	236	211	197	249	245	205	154	219
131	119	240	239	217	191	240	245	224	143	202
151	132	250	241	212	194	239	255	223	142	200
137	119	235	252	224	195	229	255	240	145	216
141	102	220	255	231	215	245	255	242	134	199
134	107	204	255	238	234	254	251	224	139	217
133	113	204	254	223	240	238	240	230	159	208
121	109	221	243	219	248	235	250	250	155	193
133	121	215	236	206	255	234	248	252	170	205
131	134	215	251	215	255	240	246	242	182	220
120	144	234	244	202	254	235	255	255	196	216
128	162	240	244	221	253	229	244	255	194	219
122	153	247	228	220	241	219	253	255	197	213
138	136	253	230	238	255	206	240	244	191	217
147	150	253	218	225	251	213	243	250	180	219
136	139	248	229	233	243	219	251	255	182	201
133	134	235	212	249	236	205	255	255	181	217
116	143	253	205	240	253	192	255	255	199	225
109	134	255	191	255	241	178	255	255	211	210
102	125	255	207	255	243	175	255	243	222	207
111	135	255	211	238	241	192	255	230	210	217
107	146	250	205	236	244	195	249	244	197	214
94	152	248	220	224	246	214	255	249	182	233
112	142	231	203	218	249	227	255	231	174	231
113	135	246	207	220	239	227	255	235	177	216
112	155	230	220	237	254	239	255	227	160	233
113	147	248	230	252	239	255	255	236	144	246
127	161	255	234	255	254	255	255	244	140	247
115	171	246	223	250	254	250	239	244	127	244
133	183	249	212	255	255	250	252	255	135	255
133	173	241	232	246	251	255	255	247	151	253
127	163	224	228	253	255	255	255	255	159	255
133	173	236	237	240	255	252	255	243	158	239
116	157	253	233	228	255	253	240	255	154	228
119	142	237	224	223	245	253	254	243	144	227
106	158	232	209	218	234	255	247	236	161	222
109	142	217	212	237	253	241	248	236	173	205
129	138	202	205	251	240	228	251	223	167	212
144	149	222	194	234	237	213	247	215	162	203
159	136	210	209	218	241	232	240	215	159	201
156	123	226	220	209	233	240	226	207	150	218
142	119	240	227	218	236	246	225	197	158	226
135	127	235	233	231	235	242	234	197	141	212
128	126	220	229	238	229	255	227	209	137	214
139	136	235	231	250	246	255	210	205	156	210
148	135	240	215	236	236	255	192	205	160	209
138	154	222	223	228	251	254	181	206	149	217
129	152	223	234	216	245	237	196	192	135	236
118	168	229	218	212	239	250	194	206	137	237
123	178	241	210	231	251	245	198	197	145	249
110	171	244	203	235	245	253	199	192	130	254
108	183	245	198	237	251	254	215	190	134	240
91	178	232	209	230	240	255	229	183	145	252
95	165	221	220	215	235	255	241	192	155	236
108	168	230	236	207	231	255	225	201	162	236
119	174	246	219	212	240	242	208	206	148	255
124	185	235	219	210	249	235	209	211	157	237
121	203	248	221	220	253	229	199	209	160	237
124	185	231	222	215	247	227	208	227	149	255
141	170	237	220	210	251	213	199	221	155	243
147	178	224	209	201	237	207	200	235	170	251
159	172	236	192	202	220	206	184	248	160	255
169	181	251	207	201	210	214	196	255	144	248
186	198	249	222	196	206	201	210	250	155	255
203	195	235	236	191	198	190	213	249	161	255
219	189	242	245	190	216	209	207	237	159	255
225	174	241	255	195	213	194	201	243	176	255
214	186	243	255	198	202	178	207	255	178	249
206	174	229	255	183	216	196	216	255	164	234
219	157	241	248	184	203	186	199	255	154	219
217	166	235	255	196	222	200	202	244	141	211
228	165	254	241	188	209	213	196	255	123	204
234	178	255	245	188	206	224	200	255	143	195
236	160	244	255	206	192	215	211	255	157	211
237	164	229	242	194	198	201	216	246	146	204
253	156	241	250	187	202	201	203	255	149	191
255	150	255	255	185	221	203	208	255	167	175
255	170	253	249	180	224	214	210	241	151	193
240	163	244	243	173	242	226	211	246	160	194
244	147	253	255	178	252	229	226	239	176	203
255	166	255	239	164	255	237	237	255	192	204
247	176	255	247	172	255	253	247	252	187	198
255	190	254	232	180	255	249	244	255	191	212
255	176	255	228	195	254	255	255	255	204	225
255	172	255	222	202	255	244	250	255	223	218
255	161	248	229	211	255	250	250	243	236	220
249	153	255	235	217	255	238	234	236	223	222
238	156	255	252	219	246	248	251	255	241	235
225	144	255	242	202	243	255	238	255	236	247
208	128	252	255	203	248	241	227	251	253	255
214	146	255	255	191	255	250	234	255	255	249
218	159	245	246	177	255	238	218	240	255	248
221	165	240	249	170	255	252	226	235	255	249
212	158	255	242	166	255	252	221	248	255	249
215	173	255	232	167	255	248	227	252	255	255
222	171	255	223	172	255	238	221	255	255	239
221	178	255	242	189	255	243	239	255	255	237
215	163	238	239	208	255	255	239	255	255	255
199	155	239	254	206	242	252	222	255	239	248
200	143	244	252	194	235	237	225	247	249	255
212	127	227	236	198	247	248	217	255	255	255
203	113	223	253	202	233	255	223	255	255	252
203	111	226	255	191	247	255	242	255	248	249
209	100	239	255	181	255	255	255	255	231	238
195	82	231	255	200	239	255	247	244	225	223
201	96	221	239	215	250	255	255	230	222	213
208	113	231	224	218	255	255	248	249	232	213
216	124	242	225	224	238	255	242	235	224	208
230	136	251	240	244	240	238	237	231	212	198
250	128	243	246	249	255	243	240	235	206	191
255	140	236	255	233	239	234	249	229	217	175
255	157	235	255	223	254	223	255	245	223	184
241	167	225	238	215	242	226	249	250	234	175
255	180	244	233	229	225	246	250	255	217	158
254	173	255	242	232	236	239	255	255	226	153
249	177	250	227	229	249	246	251	237	239	153
254	180	255	238	237	255	232	240	231	240	138
237	181	255	233	228	249	229	231	238	255	121
255	191	255	243	211	240	237	247	245	255	112
255	204	253	235	205	238	239	244	255	255	108
255	213	255	247	203	255	255	235	255	255	119
250	210	255	232	213	255	251	217	240	244	121
253	213	255	220	222	244	255	208	254	255	122
237	210	255	207	240	252	239	209	243	243	116
255	202	255	218	223	245	228	210	226	253	125
255	194	250	210	216	234	221	212	221	255	139
245	201	255	220	205	247	221	212	220	255	128
237	206	255	206	211	247	236	205	240	237	137
248	216	251	188	228	243	234	199	255	255	130
241	217	255	179	215	255	234	217	239	255	150
249	203	255	170	202	250	234	224	231	240	143
242	196	255	175	216	245	234	230	224	255	149
233	195	255	184	200	229	250	216	233	255	156
243	187	239	184	184	215	239	207	234	255	172
238	204	251	171	169	215	222	219	226	255	181