SINAL	ATTEN	MED	H.A	L.A	H.B	L.B	M.G	L.G	THE	DEL
224	146	133	3	57	118	78	140	43	48	176
242	149	136	0	41	116	86	158	45	41	173
228	148	139	14	37	98	73	158	47	45	177
213	140	156	0	27	118	82	146	62	57	174
199	133	173	0	15	108	74	160	64	46	166
193	153	165	15	11	111	86	179	51	39	175
211	146	177	27	12	114	79	173	60	42	185
198	142	184	23	12	118	76	165	68	46	202
201	147	195	33	1	124	62	177	88	55	211
208	155	212	36	0	125	78	184	108	67	226
205	170	194	48	0	135	96	191	118	59	212
194	161	200	49	10	142	100	193	115	68	216
184	158	210	50	17	155	109	183	123	61	221
194	176	208	65	13	173	125	179	119	65	213
193	180	223	82	3	174	139	162	104	69	225
177	190	230	89	0	160	151	177	93	77	217
163	196	217	104	8	147	139	171	109	65	220
150	205	236	103	15	161	155	154	97	78	226
141	210	236	119	33	151	164	149	89	80	223
150	193	245	123	23	162	149	165	75	88	236
148	200	228	105	20	154	156	181	82	104	251
147	218	232	103	3	160	157	163	83	113	255
156	217	214	119	16	169	160	160	66	101	252
166	223	220	118	15	157	153	172	73	93	240
186	235	227	129	0	157	157	163	92	100	234
192	232	244	149	0	168	151	172	100	84	217
207	234	255	158	8	184	154	180	86	96	220
218	248	255	152	0	191	167	164	69	79	231
206	235	255	162	0	179	184	181	82	73	229
216	241	249	158	0	176	195	165	78	74	241
201	228	255	177	15	165	212	164	98	71	249
194	222	244	173	4	177	210	148	93	89	243
197	226	241	185	13	185	221	166	104	77	248
211	214	225	199	12	183	207	162	88	74	236
222	220	231	208	12	191	197	180	72	66	241
232	237	219	224	1	207	199	171	59	67	245
235	222	212	229	2	203	192	163	66	69	255
221	206	231	216	0	211	206	164	71	77	241
205	220	227	202	0	198	219	146	90	93	240
218	235	235	185	0	217	223	164	79	96	246
220	228	252	194	15	231	237	162	86	116	228
217	231	242	213	29	229	221	149	80	107	211
205	240	255	220	30	229	226	166	69	99	231
222	223	255	208	40	241	234	166	74	116	225
235	215	247	215	59	245	223	163	71	119	242
245	202	239	199	62	230	223	166	53	114	229
248	193	255	192	82	230	206	159	71	102	233
232	198	255	187	96	222	213	151	57	112	245
234	201	255	180	107	230	205	168	57	103	254
231	211	249	165	119	220	197	159	56	95	249
237	220	248	152	121	225	189	160	49	110	255
251	238	240	136	114	207	209	153	51	115	255
255	241	251	144	133	223	227	162	43	133	255
237	231	255	130	145	236	229	152	27	133	250
239	250	251	115	143	229	239	143	25	121	255
251	255	239	103	139	220	239	163	31	117	255
254	255	228	113	133	238	228	158	46	114	255
255	240	243	102	147	245	236	152	60	122	255
251	232	252	86	139	238	250	141	58	118	249
255	250	255	74	142	254	255	125	50	134	255
255	246	255	81	125	241	254	109	42	133	255
239	248	243	70	133	232	251	121	42	133	241
239	233	255	57	150	230	255	111	60	148	241
238	227	255	65	165	248	251	123	58	135	243
239	210	243	54	168	230	237	139	75	144	255
241	213	242	74	159	231	239	125	89	161	255
223	205	247	62	179	225	247	127	88	170	255
239	199	240	53	193	210	255	128	71	175	255
255	192	249	46	197	212	255	119	69	168	255
241	198	244	56	195	207	255	110	76	174	239
255	203	251	62	189	222	244	105	77	179	231
253	214	255	47	188	222	247	102	83	196	227
255	220	250	37	178	214	237	99	87	209	244
255	212	240	39	177	230	255	113	81	228	251
255	204	255	43	196	225	245	119	81	212	255
249	222	246	50	196	245	255	113	78	219	255
247	217	240	50	196	230	255	115	79	231	255
238	201	230	40	182	223	240	133	69	235	255
247	221	215	58	172	218	251	120	59	246	255
255	217	197	72	156	216	255	110	62	245	255
249	223	193	70	140	227	255	125	52	231	255
233	241	192	74	145	240	249	136	35	215	252
228	224	210	62	165	241	252	146	31	209	255
214	229	222	79	163	233	236	147	41	206	255
218	240	232	92	159	221	235	133	36	221	255
224	247	238	98	154	237	222	149	36	238	255
208	255	230	114	154	249	218	165	41	224	254
217	249	248	110	137	247	221	179	61	230	255
233	255	247	122	143	250	229	164	46	226	255
245	255	255	112	129	255	245	169	35	244	238
255	239	255	99	144	255	255	174	27	247	242
255	246	252	89	154	252	244	157	37	237	243
238	239	240	73	153	255	247	165	37	238	240
226	230	252	90	158	237	246	164	55	242	234
223	237	235	90	166	250	254	156	47	239	226
235	255	243	89	165	255	240	154	65	229	220
253	248	254	82	166	248	253	136	78	219	233
240	248	255	72	148	255	245	124	98	225	222
234	255	255	76	165	237	235	110	84	227	230
249	255	254	89	183	220	247	100	100	211	225
255	255	255	100	189	203	231	114	101	204	239
255	255	255	107	206	194	243	123	115	200	254
249	255	251	96	217	187	250	131	109	213	255
255	255	238	107	230	173	250	125	124	202	255
248	255	255	102	248	183	255	118	142	204	252
243	255	255	109	251	168	255	127	127	212	255
253	243	245	126	251	165	254	135	110	204	255
255	255	255	134	255	173	255	127	97	218	241
255	255	251	139	250	179	253	135	108	233	251
255	255	255	132	238	173	255	117	113	237	248
255	255	255	140	234	181	246	136	127	238	244
245	255	255	137	230	185	233	136	122	230	236
253	243	255	130	225	175	246	148	117	214	251
240	255	245	127	234	188	240	151	99	229	255
255	246	232	120	230	208	232	166	118	227	255
255	228	227	137	231	192	246	177	103	209	237
251	216	225	157	246	192	233	167	108	208	255
255	215	235	174	255	195	222	168	103	200	238
244	228	233	161	253	207	231	178	105	185	235
238	214	236	155	255	217	235	161	109	186	232
230	231	234	137	255	203	236	145	125	203	232
221	225	252	140	255	189	230	147	140	206	231
207	224	236	133	255	197	231	158	128	223	231
196	206	226	122	252	204	236	149	140	205	219
215	215	212	125	255	188	226	165	129	199	204
223	197	214	129	239	187	237	168	126	219	215
237	215	209	143	244	170	229	186	145	205	228
225	226	207	158	238	180	238	195	156	212	221
210	234	195	148	230	177	234	211	166	231	205
220	239	185	168	225	191	241	211	171	222	192
208	232	168	161	215	205	244	212	173	216	179
191	229	176	157	213	196	242	216	158	230	165
188	222	177	161	228	186	250	205	164	227	183
179	215	172	175	241	172	246	199	176	214	198
176	198	161	180	255	155	244	195	171	218	183
191	209	173	173	255	167	241	194	181	230	175
192	217	183	161	255	153	251	203	200	230	172
202	202	194	175	255	144	237	212	208	216	181
201	221	214	195	255	155	220	228	203	215	186
207	207	212	177	255	151	208	230	190	215	182
208	214	227	182	255	155	193	249	204	221	172
197	230	238	174	255	170	202	240	215	222	172
181	217	226	171	255	157	211	226	229	221	185
165	221	232	162	240	164	230	236	226	230	184
180	223	250	145	232	181	219	227	211	230	196
192	229	250	127	240	181	227	232	212	229	207
199	244	242	144	244	170	215	243	216	241	222
200	230	225	153	238	183	234	235	233	239	241
215	234	220	167	245	171	253	220	245	242	251
209	248	213	187	234	174	255	221	236	253	234
228	242	217	195	245	191	255	206	223	241	226
228	244	223	185	255	176	255	198	212	241	209
244	248	206	185	248	177	242	212	211	237	214
240	241	219	193	236	162	234	197	228	226	232
232	225	203	209	220	177	227	198	230	210	225
251	242	208	221	218	164	233	213	242	201	237
242	242	200	230	219	174	231	225	228	212	226
231	226	210	216	206	166	221	228	225	231	239
241	211	209	201	193	172	238	233	244	216	252
240	199	214	189	204	164	230	229	253	234	236
226	203	209	173	208	151	220	214	255	230	244
225	211	201	185	222	152	204	196	255	229	246
207	226	220	192	236	169	202	201	244	236	235
216	245	207	198	220	157	191	213	255	253	226
233	255	219	193	222	156	191	209	255	253	226
235	255	226	185	213	164	179	214	239	240	225
220	255	241	195	197	172	189	223	242	255	227
216	255	229	211	181	175	187	224	227	245	233
220	241	237	224	182	165	200	216	243	227	249
236	248	255	227	188	168	185	229	234	244	255
233	241	255	216	184	169	195	216	249	234	244
223	234	241	210	186	170	190	211	255	236	251
220	236	234	195	176	163	202	211	255	254	245
232	228	219	180	161	169	199	197	247	255	239
222	236	222	196	154	161	196	212	234	255	242
212	254	205	199	159	169	189	222	234	244	250
197	237	221	209	164	177	194	237	240	252	255
182	242	205	225	151	196	203	253	244	252	255
171	244	207	219	157	184	221	244	251	234	255
165	255	226	204	167	204	203	236	255	240	255
179	255	243	221	186	206	221	249	255	223	255
183	238	253	233	193	210	241	246	255	227	246
176	232	252	229	211	221	236	239	254	226	255
159	215	255	222	217	220	253	233	255	245	247
178	200	248	215	201	222	237	217	238	230	237
172	186	243	200	187	236	223	207	238	236	233
188	186	255	192	191	235	206	214	252	240	223
196	181	255	202	196	228	220	202	237	254	224
197	179	240	189	201	222	205	201	255	255	212
190	182	250	189	218	210	211	218	255	255	225
175	168	234	173	229	199	228	222	248	252	245
174	174	248	177	218	190	244	209	255	253	233
168	167	241	192	204	186	255	200	251	255	240
164	166	246	178	190	173	255	211	253	255	227
159	158	252	198	202	167	255	200	255	243	209
151	147	255	191	211	158	255	185	255	233	224
143	130	237	198	223	142	251	184	255	227	240
142	139	219	214	216	148	233	203	247	231	255
136	134	204	212	230	162	244	189	255	220	255
125	120	218	222	237	156	252	178	255	237	251
134	123	229	217	248	172	249	180	255	237	255
151	140	221	208	255	165	236	199	255	253	255
135	149	238	221	255	175	226	189	241	240	255
151	150	255	217	255	178	246	206	234	255	240
141	133	241	222	255	163	245	200	235	255	243
133	123	255	233	243	158	245	185	245	239	236
125	132	255	216	226	166	246	191	254	236	230
126	118	247	221	217	169	236	179	254	225	234
129	102	251	221	201	164	238	169	244	208	225
116	106	255	222	207	167	249	164	240	217	225
133	119	243	239	206	150	244	152	247	225	239
141	113	234	248	211	135	248	169	245	229	249
123	127	240	255	193	154	230	171	255	238	237
115	118	235	247	186	151	228	176	255	255	220
104	136	245	229	184	167	213	185	252	239	222
117	120	242	240	186	181	211	200	255	240	230
126	133	230	243	196	165	220	192	255	237	223
114	135	226	232	184	170	209	209	255	240	226
114	128	235	242	166	174	208	195	255	225	226
120	122	230	253	181	178	223	190	237	237	223
121	121	213	251	177	166	214	210	237	251	224
125	133	228	255	179	182	228	196	237	251	208
140	121	245	255	196	177	226	186	252	240	192
122	127	255	248	212	180	233	194	251	253	184
137	116	255	255	218	198	241	212	254	250	203
140	120	237	251	228	217	232	220	238	254	218
145	105	230	255	248	205	238	207	222	251	233
127	89	247	240	239	224	238	215	238	255	217
115	107	251	226	255	221	233	218	240	255	223
118	99	255	235	239	230	243	234	255	255	228
104	97	255	236	246	215	253	249	255	245	212
91	87	254	222	255	199	243	241	255	241	198
78	84	255	237	248	181	255	227	247	231	190
92	91	255	233	255	187	255	216	250	239	188
109	105	255	224	255	189	244	235	251	253	199
128	113	240	237	255	208	255	235	239	255	208
133	133	252	250	247	202	239	239	239	255	204
124	153	251	240	232	213	251	245	250	241	212
115	146	255	247	234	232	241	255	252	244	227
128	149	255	250	229	225	255	255	243	233	238
129	166	255	245	224	237	253	255	227	248	246
111	159	255	238	235	235	242	255	244	255	255
105	153	252	255	218	250	225	251	228	251	255
122	149	255	250	229	254	217	253	239	241	255
106	145	255	240	249	255	204	246	255	240	255
125	153	255	237	239	255	212	252	243	226	255
129	145	243	238	248	255	209	255	255	210	252
137	131	237	252	255	244	201	255	255	211	255
132	117	241	248	238	255	205	241	238	217	255
151	108	252	249	254	255	219	228	237	225	250
151	94	255	255	248	250	209	236	228	212	243
139	104	255	255	255	252	200	240	245	197	246
158	98	255	244	255	255	213	240	240	185	254
164	115	255	250	238	243	222	245	251	183	255
146	108	255	252	225	250	230	255	255	184	255
128	114	255	255	215	239	237	255	255	180	255
148	120	248	255	229	248	228	255	255	189	255
135	133	244	240	223	238	238	255	253	207	255
127	151	231	255	222	240	235	249	243	226	255
121	152	231	255	223	253	223	255	254	228	255
115	146	213	247	208	255	219	255	237	239	245
114	153	199	255	214	255	209	255	251	248	255
110	145	186	255	196	238	226	250	236	237	255
96	149	190	244	193	249	213	247	234	221	254
80	168	176	244	206	245	195	251	222	225	238
93	170	177	243	203	255	207	248	223	210	242
91	161	177	255	187	237	205	241	224	227	231
104	175	181	253	191	229	194	232	232	238	238
97	167	194	245	189	223	199	226	220	238	229
90	180	184	243	207	226	187	215	237	220	245
74	182	198	249	200	235	200	216	241	214	255
92	192	205	255	192	250	191	208	246	221	255
78	211	187	255	180	255	202	209	242	222	255
91	211	179	255	168	255	195	218	237	227	248
107	218	177	255	163	255	207	227	232	237	241
103	237	163	255	147	255	214	218	250	240	255
113	229	158	255	135	251	207	209	255	225	255
104	234	158	244	134	238	211	227	243	217	255
104	231	157	250	125	236	211	228	230	219	238
104	238	140	255	145	237	214	222	217	219	238
90	231	143	255	154	220	201	208	234	208	245
105	250	138	254	169	202	199	222	218	218	250
101	252	136	252	168	215	184	211	209	214	255
108	255	131	255	181	218	190	199	196	222	239
112	255	120	255	191	200	202	182	189	222	226
96	244	139	250	194	207	186	197	208	234	238
97	250	128	255	208	216	202	211	217	234	248
88	235	141	255	211	204	222	197	231	240	255
104	252	135	248	211	205	241	190	242	223	252
93	255	136	255	209	189	245	206	250	235	235
107	252	133	248	195	190	248	208	251	235	235
109	253	137	255	188	181	245	216	255	233	237
108	255	147	255	190	187	242	205	244	217	221
119	242	151	255	175	172	234	202	242	230	206
105	255	147	246	170	164	234	218	254	220	198
123	255	160	236	162	161	236	213	240	219	215
132	255	154	227	146	176	255	216	253	234	207
149	248	140	244	166	160	239	220	255	245	194
133	250	122	255	186	151	245	240	255	255	214
144	255	125	255	171	167	255	237	244	241	196
127	255	131	255	164	166	237	245	238	236	203
109	255	131	251	179	165	237	237	251	253	193
119	255	114	255	192	166	237	230	255	255	177
130	241	96	242	187	156	240	226	251	239	169
136	245	105	255	178	150	223	231	248	233	184
142	255	110	251	175	168	223	234	255	243	169
126	252	109	255	170	183	216	254	255	237	161
123	239	126	252	164	186	211	248	250	239	162
134	237	118	255	173	169	210	246	250	239	147
143	226	127	255	160	171	230	228	239	245	138
156	224	121	248	161	154	234	232	254	250	126
139	210	109	255	151	162	229	240	255	255	109
129	220	92	255	150	149	243	255	255	250	125
147	218	110	255	159	134	235	237	255	249	113
152	204	120	249	157	119	246	239	240	244	112
149	220	133	249	146	105	250	231	222	246	94
135	207	127	247	158	114	237	240	206	251	89
134	221	132	255	146	101	248	236	215	255	108
128	213	115	255	147	88	242	238	232	244	120
133	214	104	255	136	85	253	235	220	228	112
147	211	122	239	126	72	248	222	209	236	112
160	211	114	246	134	83	236	210	228	251	99
170	195	106	255	152	72	250	216	222	253	107
189	179	101	251	153	82	255	217	238	253	127
181	193	92	240	153	72	253	234	247	254	135
165	209	89	255	155	85	255	249	240	245	138
158	212	73	255	142	81	255	255	241	241	150
157	228	83	251	160	97	255	255	242	255	139
150	236	86	245	170	90	248	255	242	255	151
140	242	76	237	161	93	255	255	240	254	167
133	236	72	243	170	88	255	255	234	255	164
120	253	56	255	155	81	255	245	217	255	179
122	239	65	248	140	65	247	255	223	255	163
142	235	69	231	157	54	249	249	207	241	146
131	228	88	247	158	73	248	248	197	255	134
117	217	92	236	174	67	255	255	196	255	145
110	201	74	247	168	52	255	255	190	255	148
114	187	75	252	152	34	239	254	179	255	167
108	174	85	255	134	23	232	240	176	255	149
103	187	83	248	132	42	249	255	169	242	147
117	194	73	255	147	28	253	255	158	241	158
136	201	73	255	143	31	255	247	171	240	168
139	199	74	248	162	24	255	237	156	236	169
128	181	67	255	178	35	255	235	152	224	156
143	192	87	255	197	21	243	222	153	224	155
135	187	87	246	179	5	252	227	170	227	169
142	187	106	254	167	0	255	228	160	234	160
154	191	103	255	149	10	255	214	176	240	162
145	201	103	241	145	0	255	221	172	238	175
143	184	115	255	163	0	255	225	176	247	186
142	176	134	245	168	2	242	216	167	255	191
158	170	139	254	169	17	226	212	176	241	178
140	169	127	247	182	18	240	229	164	224	188
125	164	128	247	189	19	253	228	160	238	197
124	166	110	244	207	27	255	227	150	246	208
144	152	125	255	225	37	255	229	165	251	206
146	159	145	241	212	52	252	211	159	255	207
163	147	164	229	197	55	252	223	144	246	214
178	137	180	238	212	74	255	225	135	255	230
178	150	198	255	222	66	244	226	133	242	243
162	152	208	255	225	68	245	221	127	252	249
176	145	212	255	235	71	238	232	133	255	255
179	133	223	255	225	68	248	249	116	246	255
174	144	213	250	223	87	250	255	119	248	248
175	140	216	234	206	86	245	255	133	237	255
188	144	232	230	196	86	233	255	123	248	255
187	127	228	247	212	93	250	249	133	234	255
200	124	247	231	206	81	238	240	140	237	255
192	135	255	218	192	63	225	252	136	252	255
202	117	255	234	203	55	221	248	148	255	255
188	117	255	220	197	70	221	255	134	255	255
190	136	255	204	186	77	241	251	121	249	255
198	149	255	219	200	95	248	255	135	255	251
203	141	243	201	191	112	255	245	141	255	252
212	141	251	201	175	126	255	255	154	255	255
225	154	255	204	171	134	255	246	137	255	253
218	164	252	218	154	147	255	240	144	255	247
237	163	255	238	150	134	240	245	141	255	249
220	153	249	254	156	134	239	255	128	255	248
206	158	237	242	140	148	243	255	115	255	255
215	163	222	247	149	143	255	255	132	255	255
217	146	235	255	131	159	255	255	120	255	255
230	157	246	245	137	158	255	250	128	243	255
249	140	251	239	151	161	255	255	121	235	255
255	137	255	224	170	159	255	244	136	233	243
242	126	239	229	188	162	255	255	155	232	248
241	123	252	243	171	147	255	255	160	235	255
255	129	243	227	171	156	255	255	176	249	255
255	124	243	214	181	176	248	255	186	241	238
255	111	248	212	193	158	242	255	181	255	247
255	131	253	211	213	163	252	248	200	254	239
255	145	236	195	233	163	255	235	210	252	236
244	145	250	201	224	161	237	231	214	255	247
255	165	237	198	209	152	254	240	211	255	247
251	173	234	185	208	153	240	253	202	255	255
255	172	220	196	225	149	246	255	187	255	253
255	165	224	196	220	131	237	248	194	255	255
240	173	234	191	234	114	229	237	210	241	255
238	185	252	197	231	103	216	228	205	229	255
248	175	255	214	247	111	223	228	218	233	249
255	158	249	201	241	127	240	211	230	224	255
244	149	242	210	225	143	251	205	237	218	245
255	169	255	224	215	163	255	193	240	213	254
250	173	255	220	214	148	242	206	229	197	255
233	183	238	213	229	165	248	202	217	199	253
223	172	224	195	243	161	255	196	209	190	255
213	182	229	205	237	152	240	201	191	182	255
223	200	245	223	255	150	255	217	191	176	254
232	220	235	233	248	135	255	201	186	160	253
218	218	236	226	244	137	255	220	169	169	236
205	235	219	218	255	148	255	232	162	179	230
216	253	209	227	245	164	255	249	146	176	233
207	255	216	230	228	184	239	255	143	175	226
203	239	200	215	227	189	232	255	128	193	236
200	252	184	229	247	190	247	243	118	199	234
208	237	198	231	249	188	251	234	129	181	227
225	241	190	233	246	198	235	237	131	169	237
208	251	201	235	234	183	243	221	146	167	245
198	242	218	242	225	183	248	230	166	177	246
186	246	220	251	243	171	235	248	160	162	245
173	255	206	255	244	187	220	255	166	154	254
185	240	214	255	255	203	207	255	175	163	238
172	255	231	255	255	220	192	255	181	166	245
174	254	237	237	239	220	207	255	174	157	247
192	255	251	221	241	232	201	246	174	161	234
189	254	255	207	255	248	221	247	190	172	253
177	254	255	208	251	255	214	248	189	172	250
177	255	255	224	249	255	211	255	208	181	245
186	255	248	209	240	240	226	237	220	193	255
184	255	247	226	255	244	234	255	228	189	255
170	255	245	242	255	232	227	255	210	182	240
179	241	248	226	237	247	225	243	223	179	241
167	231	240	239	245	252	226	231	234	168	243
151	233	255	243	249	239	230	221	248	150	237
142	226	246	229	255	246	224	233	238	162	223
126	231	231	211	239	254	243	232	252	156	225
130	223	244	220	227	249	243	233	255	151	221
127	231	250	221	218	255	244	217	247	159	214
111	222	255	235	205	240	241	200	253	165	196
123	239	255	227	191	255	253	185	255	151	210
117	254	252	237	192	255	255	205	255	140	223
129	237	255	241	197	254	241	212	255	130	213
130	225	250	230	207	244	224	224	242	137	196
115	229	255	226	200	241	243	218	224	157	188
117	229	255	227	203	234	246	232	229	152	179
120	223	255	212	199	222	255	219	245	163	183
109	225	255	230	189	214	244	203	255	153	198
125	243	255	235	206	212	226	207	255	165	209
110	238	240	245	220	206	235	212	251	171	206
125	246	240	253	236	201	240	205	238	172	216
115	253	241	243	237	219	243	218	251	185	219
135	255	255	244	226	221	255	230	252	180	210
153	255	253	255	232	238	255	235	255	193	193
172	243	254	255	219	255	255	253	255	200	177
183	236	255	243	212	255	255	254	244	188	189
174	223	248	255	206	246	241	243	255	174	202
175	206	255	243	192	246	255	248	246	188	212
177	202	238	248	201	253	255	234	234	195	195
175	187	231	231	220	243	239	245	219	184	192
161	177	232	232	233	234	236	237	223	204	178
158	181	219	234	250	253	226	248	241	219	160
154	182	216	218	248	255	215	253	230	230	142
155	193	218	220	255	243	220	255	239	235	124
159	196	236	226	237	252	222	239	238	236	111
159	203	245	219	253	255	217	251	240	218	121
156	207	243	235	255	245	205	235	240	224	135
158	227	250	228	255	255	202	239	244	222	122
143	210	245	235	255	255	186	242	241	206	141
127	202	246	245	255	255	174	236	248	191	148
136	220	231	243	255	251	158	251	239	189	130
126	206	234	252	239	255	170	249	246	172	127
140	194	239	255	223	244	176	250	234	180	114
136	202	255	255	220	251	160	255	222	187	110
122	220	245	250	227	238	158	255	207	206	127
125	224	243	255	220	255	162	255	196	199	141
121	224	246	255	208	255	171	250	191	208	157
114	213	246	240	209	255	163	255	180	201	150
122	195	248	246	223	247	176	255	170	194	149
110	215	237	242	233	243	189	251	165	213	167
108	201	229	253	228	246	183	250	175	198	185
104	184	225	255	210	255	178	255	180	185	172
115	196	207	255	220	255	197	255	197	181	180
130	188	221	255	231	255	187	238	200	178	177
142	195	215	244	214	248	187	246	211	182	173
125	212	229	255	209	246	177	235	228	193	172
111	219	227	255	227	255	196	231	213	213	156
118	239	217	255	224	255	195	236	220	209	152
132	233	222	245	208	255	192	218	218	209	165
117	229	221	255	217	250	181	200	203	195	166
111	229	206	247	205	255	199	201	197	184	170
117	218	226	233	195	237	183	202	203	182	155
134	208	215	226	211	244	174	205	194	178	170
132	214	220	222	217	228	166	214	209	194	168
135	220	236	234	222	228	175	217	228	195	165
137	207	255	232	220	239	170	227	226	182	163
127	190	255	248	210	226	155	242	230	177	174
110	198	255	255	218	241	171	243	223	161	175
104	185	255	243	225	235	186	255	230	178	181
94	192	253	252	216	254	189	253	215	192	166
104	205	255	235	226	248	171	247	205	185	159