SINAL	ATTEN	MED	H.A	L.A	H.B	L.B	M.G	L.G	THE	DEL
244	233	64	10	245	71	71	220	9	177	99
247	228	65	9	239	73	67	220	13	182	100
251	232	65	10	242	74	62	219	17	178	95
246	237	70	8	242	73	57	213	16	173	100
250	232	69	3	241	74	54	213	14	177	101
250	235	74	3	244	73	49	219	10	181	106
253	232	70	5	249	77	54	223	6	177	104
248	227	74	8	252	80	48	222	5	175	101
244	226	76	11	250	76	54	226	10	178	107
249	230	78	7	244	76	48	230	5	174	108
254	225	77	13	240	70	48	226	10	180	114
253	225	73	9	241	70	42	224	13	182	109
255	221	68	13	246	70	37	221	17	177	111
249	219	69	16	251	64	42	226	19	181	109
244	221	70	22	248	70	36	223	14	182	106
238	218	64	26	247	67	31	222	14	186	109
238	223	65	23	246	65	36	222	18	184	110
238	225	61	28	247	70	38	220	21	188	104
236	230	57	23	246	66	40	222	18	182	107
231	234	59	17	244	67	39	224	21	178	106
225	240	65	22	248	62	41	220	25	183	111
224	234	69	24	242	65	38	220	21	177	112
226	235	66	25	245	65	37	224	27	182	106
221	232	60	27	250	59	36	226	27	185	106
217	236	58	23	247	55	32	220	23	186	102
218	237	63	28	249	61	37	216	21	180	101
216	243	61	26	252	55	41	216	19	178	102
215	242	57	25	246	49	44	212	17	179	97
213	237	59	20	241	44	50	212	17	180	102
215	242	62	25	240	45	54	212	21	174	107
210	242	65	28	243	42	59	208	15	178	101
215	246	68	33	248	41	62	212	15	179	98
209	244	71	30	248	36	67	207	16	179	100
213	246	66	35	250	33	65	210	12	185	96
207	247	62	34	253	35	64	215	7	188	100
206	244	56	38	249	29	59	209	8	183	100
206	247	51	44	245	25	62	212	9	184	104
209	251	46	39	248	27	63	206	5	179	102
213	248	40	44	250	32	61	205	7	174	105
214	243	37	44	255	29	67	202	1	180	102
217	238	39	45	255	27	61	202	4	177	100
216	239	45	44	255	25	57	201	1	179	99
217	238	41	48	255	25	57	197	0	174	104
220	238	43	50	255	29	61	199	0	170	100
224	234	37	45	250	26	62	198	4	175	95
226	230	34	45	253	27	67	201	1	170	93
230	231	32	39	247	23	72	199	0	175	89
228	225	32	37	252	21	68	200	5	174	94
225	224	32	35	246	27	71	205	4	169	98
228	221	33	32	247	23	66	202	1	175	95
224	226	28	30	252	29	64	198	0	171	95
225	227	32	26	247	32	70	199	0	172	99
230	225	29	20	247	27	73	201	3	173	93
226	221	35	17	246	26	74	205	4	175	88
220	223	34	12	242	26	75	203	2	172	89
214	225	35	15	242	21	79	208	0	171	88
215	231	37	9	240	25	75	203	2	168	93
214	227	41	15	241	23	74	199	3	172	92
208	225	45	17	241	17	76	205	7	175	88
210	221	42	17	243	11	79	205	4	173	89
215	227	44	13	246	15	76	204	10	171	85
211	228	48	8	240	17	76	209	5	176	82
206	231	44	13	244	18	70	208	6	179	88
204	236	41	16	248	22	66	207	8	180	85
199	233	35	12	243	24	65	208	9	176	86
205	239	33	10	245	20	59	211	7	179	89
203	233	28	12	251	20	60	217	2	180	84
201	232	24	13	248	26	55	213	4	182	84
197	235	20	19	252	24	61	207	7	188	87
196	239	23	23	255	29	56	203	3	189	84
196	238	22	29	252	33	57	208	4	192	80
201	244	23	34	254	32	54	204	6	193	80
206	241	24	37	255	38	56	198	5	191	78
207	247	26	42	255	40	53	198	4	190	79
206	247	23	40	252	41	55	202	5	186	73
206	245	26	40	249	35	51	203	9	182	67
209	240	26	44	248	41	51	208	7	183	64
212	245	26	45	249	42	45	208	9	181	67
210	243	28	48	244	45	50	202	4	179	61
205	247	23	50	242	48	54	200	7	185	59
206	248	25	52	238	44	59	205	8	183	62
202	248	21	51	241	41	56	203	3	180	61
201	251	20	53	241	43	59	206	0	178	59
204	252	20	59	236	42	64	209	0	179	61
205	250	22	53	238	45	58	214	6	183	55
207	249	18	57	244	39	56	219	10	178	53
208	249	16	56	247	41	58	218	6	177	49
203	250	21	62	251	38	53	217	0	174	54
206	246	26	59	252	37	53	220	2	176	56
204	249	20	60	250	35	54	221	7	180	53
207	245	14	62	247	33	49	227	11	180	49
201	250	8	66	250	34	44	233	16	175	47
202	252	8	71	251	29	49	235	19	175	50
208	255	10	67	246	28	46	233	19	178	55
213	255	5	62	252	23	52	232	25	175	51
208	252	3	60	251	22	49	232	26	173	48
205	246	0	66	253	26	48	237	23	168	44
204	251	0	63	254	27	48	237	23	174	40
203	254	1	65	251	24	47	235	19	170	36
198	251	0	64	249	28	51	236	24	174	42
199	255	0	66	250	26	55	237	23	176	44
194	249	0	66	244	32	56	242	26	177	39
198	243	6	68	239	28	59	244	20	173	40
202	238	5	62	237	23	54	249	17	175	40
206	234	4	60	237	18	50	254	14	173	45
203	236	5	66	231	19	51	255	15	170	51
209	240	8	68	231	19	55	255	9	175	54
203	234	8	67	232	20	58	251	4	177	58
198	238	3	67	226	26	60	254	0	171	57
202	240	6	63	225	27	56	254	0	173	51
204	236	2	68	230	24	54	255	0	167	51
199	231	2	74	225	22	49	254	4	173	52
201	233	0	72	226	28	52	255	5	172	49
206	229	3	75	227	28	51	255	5	171	47
207	225	1	73	223	25	53	255	4	166	49
212	229	5	69	218	22	56	253	4	162	44
216	235	7	70	219	21	56	255	0	159	42
215	241	11	69	221	18	55	253	0	161	43
211	239	16	66	225	19	59	253	0	160	43
209	239	15	67	220	20	58	249	2	166	42
213	244	10	73	221	26	57	249	0	161	41
212	239	8	68	223	20	60	246	0	162	43
215	233	6	71	217	25	65	244	0	157	47
219	231	7	65	214	22	65	249	2	160	49
214	237	10	70	218	21	69	247	2	163	44
215	240	11	66	221	22	75	245	2	168	50
214	236	5	62	222	20	81	246	0	168	49
209	234	5	57	228	17	75	249	0	165	55
213	239	0	58	232	16	74	251	4	165	54
208	233	0	52	226	18	69	245	5	164	52
209	230	3	53	228	24	70	251	10	161	49
215	235	7	59	228	18	72	253	13	162	44
213	240	4	61	231	19	71	252	13	164	40
212	242	5	58	232	19	75	254	13	160	35
216	236	4	63	235	19	71	248	19	160	35
214	241	2	59	231	18	70	243	21	163	41
218	237	0	58	236	17	65	247	20	164	46
222	237	0	55	232	16	66	250	26	167	45
224	243	5	53	229	13	67	247	31	171	40
227	244	0	49	232	7	61	252	34	171	41
230	250	0	52	228	9	55	246	36	165	36
231	254	0	46	227	8	50	243	31	163	36
233	249	3	44	233	6	49	246	32	169	35
229	246	0	43	235	1	44	246	38	175	32
232	242	0	42	240	0	46	250	39	178	32
238	236	0	44	243	6	51	249	38	173	38
233	239	0	47	237	10	54	254	43	168	40
232	236	4	48	231	12	48	255	46	165	36
230	230	7	44	231	12	43	255	40	171	35
226	236	3	50	234	16	46	255	34	170	32
232	231	6	51	239	19	44	255	30	168	29
232	235	10	55	244	23	49	255	36	171	31
227	233	6	52	239	19	49	250	30	177	27
231	237	7	58	233	22	44	249	35	171	28
233	239	12	55	236	27	45	254	39	167	25
233	241	6	61	230	27	43	252	44	164	25
230	245	8	65	233	22	49	252	39	169	28
231	246	14	71	228	28	48	249	43	168	33
233	246	18	65	224	33	44	245	40	170	32
227	247	15	60	230	29	45	250	38	175	36
232	244	18	55	228	27	49	250	39	179	34
230	240	12	52	229	29	46	247	44	182	29
228	237	17	58	224	32	50	249	47	180	31
227	232	16	52	223	38	49	248	47	184	36
225	236	13	53	222	36	50	250	49	186	38
231	241	13	58	221	34	51	255	44	189	41
228	242	13	58	222	33	46	253	41	193	44
223	247	18	59	224	29	46	253	43	189	42
218	250	22	55	227	35	52	249	38	188	41
213	245	19	50	229	33	52	253	40	191	44
218	246	25	51	228	27	55	255	40	191	42
224	251	26	51	228	30	57	255	45	194	41
221	252	25	47	223	28	59	255	49	193	45
222	251	23	44	225	31	62	253	47	195	45
220	247	17	38	228	31	60	251	44	192	44
217	253	23	36	224	37	66	250	38	190	38
223	250	17	30	230	37	63	244	42	191	35
223	252	16	33	234	43	57	241	36	185	41
223	246	21	29	239	44	61	238	32	190	40
224	250	22	32	241	39	61	241	33	195	34
229	247	19	32	241	36	65	238	31	196	37
228	250	21	32	236	36	71	243	27	199	39
231	255	21	27	234	40	70	245	25	196	34
231	250	24	32	233	35	71	251	29	192	30
233	255	19	29	237	40	68	245	34	193	36
233	255	20	32	231	42	64	249	39	196	40
238	254	26	33	229	40	59	249	41	194	43
235	255	25	30	233	44	58	250	46	196	49
237	255	30	26	232	43	56	247	41	202	45
240	255	26	28	229	40	55	250	47	205	51
241	250	22	28	226	38	61	252	41	208	56
246	250	19	30	228	35	67	254	46	210	56
250	250	14	34	233	33	61	255	47	207	59
244	244	18	31	237	36	58	251	45	210	55
240	241	14	26	238	38	63	247	40	216	54
243	247	13	23	244	35	63	244	40	216	54
238	246	13	29	249	41	60	242	41	218	56
236	252	8	30	251	35	64	236	35	217	52
234	255	13	26	246	36	65	241	41	213	58
229	255	16	25	240	36	63	246	36	213	57
233	249	13	27	242	35	59	250	38	210	56
230	245	17	22	238	36	63	247	40	215	60
226	241	11	26	244	40	69	244	39	216	64
232	246	6	20	248	36	66	250	33	214	65
232	246	0	18	254	35	67	247	31	209	71
231	250	0	22	251	33	72	241	35	212	69
233	251	2	26	254	32	71	247	31	206	66
228	251	0	30	249	38	74	250	37	208	64
229	250	0	27	248	43	68	246	37	206	65
230	255	0	25	246	46	64	243	36	211	63
226	255	6	19	249	45	64	237	39	205	61
231	255	3	19	254	39	67	231	37	211	63
227	255	7	14	255	34	68	225	41	206	66
230	253	8	20	249	40	63	231	42	210	61
230	255	2	24	252	39	59	231	47	208	66
224	255	4	18	255	38	60	229	41	212	67
229	249	9	24	255	32	54	235	35	210	69
232	248	6	28	254	38	51	235	31	210	64
237	243	9	22	255	38	45	230	25	206	63
238	243	13	25	255	39	41	236	19	212	59
233	240	18	26	252	42	47	238	17	215	62
232	246	19	20	250	37	52	233	17	220	64
227	241	23	19	246	35	50	230	18	223	64
226	242	18	24	244	34	48	234	19	218	66
229	247	14	25	239	31	49	236	15	216	69
227	244	14	27	238	27	48	239	10	210	69
228	249	19	25	233	31	47	239	10	214	75
225	248	24	24	228	28	49	236	5	217	69
225	248	24	23	227	32	50	238	11	216	70
219	242	29	18	227	31	47	240	17	215	76
224	244	28	12	230	31	53	235	11	219	82
220	243	28	17	232	28	47	239	15	215	83
217	242	29	22	230	30	44	235	10	212	87
217	242	34	24	227	27	47	241	5	218	86
211	242	34	22	232	30	41	242	0	219	87
207	244	37	22	231	35	39	247	0	215	92
202	243	39	27	225	31	40	247	6	220	87
204	239	45	29	222	36	39	252	12	224	85
205	237	44	27	219	38	42	255	10	223	87
205	237	45	23	222	33	42	253	10	220	92
210	242	48	19	228	28	40	255	14	218	92
208	241	45	13	222	28	44	253	15	218	97
210	237	46	15	224	30	44	255	9	214	97
210	233	52	15	225	36	40	255	7	214	94
215	238	56	16	220	34	39	255	2	211	100
219	234	54	14	220	39	45	252	5	215	106
217	231	60	13	221	34	51	254	8	217	103
211	229	57	12	215	36	57	255	8	223	103
216	234	56	13	221	35	56	254	13	224	99
216	238	56	16	222	41	58	253	7	218	99
212	234	55	22	218	38	53	251	6	215	100
216	240	53	28	212	36	50	251	8	221	96
214	241	47	30	210	36	52	255	7	215	90
212	247	46	27	208	34	54	255	3	211	86
209	246	45	29	209	33	56	254	8	217	80
208	243	43	24	209	35	60	248	7	217	83
214	247	49	26	214	30	66	244	8	215	80
211	250	43	30	218	27	62	250	5	213	85
205	253	39	36	219	25	57	249	3	212	83
203	253	43	33	219	25	56	252	5	209	83
200	255	45	34	214	22	55	254	6	212	89
204	253	41	34	219	18	60	250	6	218	87
210	251	44	36	213	22	60	248	5	219	86
205	255	46	33	219	21	63	244	7	222	87
207	253	48	28	220	22	64	248	11	228	88
211	255	46	25	220	26	66	253	6	230	87
216	250	46	24	216	31	67	254	0	225	93
221	246	46	27	212	29	68	255	2	224	95
226	244	49	26	212	34	71	255	0	226	97
231	248	44	29	216	30	66	254	0	221	103
227	249	38	31	222	34	67	255	3	221	101
226	246	40	32	221	30	65	255	3	223	97
220	241	37	37	219	26	67	255	0	228	102
225	246	39	34	218	25	61	255	3	229	101
224	242	44	33	217	22	63	255	4	235	96
229	236	48	33	217	21	64	255	10	234	102
232	241	52	34	223	19	61	249	16	240	106
227	239	48	35	225	14	58	244	12	246	107
222	244	42	39	221	14	64	244	17	243	113
220	240	38	37	225	18	69	238	11	240	113
225	246	41	32	228	22	74	244	11	241	115
230	245	47	36	225	26	77	245	11	247	117
226	243	44	38	223	31	72	242	7	243	116
221	239	39	41	218	32	69	243	2	247	112
215	242	44	47	224	37	69	237	0	249	111
210	245	40	43	223	38	69	237	0	253	116
216	242	43	49	226	35	64	236	4	251	113
221	236	45	49	224	41	63	230	0	252	112
222	238	43	44	229	42	65	225	6	254	109
217	244	39	40	232	36	69	228	12	254	106
222	243	36	38	238	33	73	231	8	253	110
220	237	35	36	233	32	71	235	8	250	105
226	238	34	42	230	34	74	234	3	250	101
221	234	30	45	224	28	74	228	0	247	102
220	228	31	39	223	23	71	233	0	251	96
224	225	36	42	218	17	70	235	1	252	102
220	220	36	39	212	23	73	235	6	254	104
218	223	31	36	212	20	79	229	9	255	107
215	222	28	37	215	19	78	223	10	255	102
215	219	29	35	209	24	79	224	13	255	107
214	213	32	34	210	19	73	223	8	251	102
218	217	28	40	216	23	78	217	13	255	102
215	215	24	40	213	22	74	214	10	252	107
217	213	18	37	213	20	74	220	14	250	113
214	211	24	38	210	23	74	215	13	249	116
211	206	19	37	205	25	73	220	19	252	119
215	204	15	38	201	23	74	220	23	255	119
213	209	18	34	201	25	74	222	24	255	122
213	210	13	35	207	24	68	222	19	250	126
211	206	13	36	208	22	62	217	21	250	124
215	200	7	41	204	17	61	215	19	248	127
219	205	12	46	207	21	60	217	18	254	122
215	205	16	48	208	17	64	214	13	255	127
209	200	18	50	214	19	68	219	14	251	127
208	195	17	50	212	17	70	220	20	252	123
202	201	14	54	214	19	74	218	22	251	119
207	203	18	49	212	17	74	213	19	251	119
204	203	12	53	214	18	72	213	24	245	116
200	206	11	50	211	16	78	214	23	239	119
202	204	12	48	209	12	75	214	23	240	117
207	206	10	54	212	12	70	209	24	240	120
211	210	15	51	216	17	73	203	20	235	118
214	209	15	56	213	20	69	201	19	234	120
215	204	19	57	217	20	64	205	25	236	124
214	200	18	54	212	17	64	200	23	238	128
216	203	16	58	218	20	68	203	23	239	123
214	205	17	64	216	26	70	197	18	238	123
208	202	20	64	218	32	68	202	15	233	120
202	197	14	65	218	35	63	204	17	234	115
197	192	19	63	222	40	69	202	12	236	110
197	189	25	57	223	38	65	208	11	234	107
194	183	31	51	226	34	69	211	7	235	109
194	181	25	53	226	40	67	210	3	232	113
199	180	28	52	230	41	67	207	8	229	109
205	184	30	55	232	37	70	204	13	234	106
199	180	29	54	231	37	75	204	11	239	108
202	174	32	50	231	41	73	209	6	235	102
202	178	32	45	232	42	68	206	3	238	106
201	174	33	45	236	48	62	212	0	239	110
197	177	39	43	236	47	62	212	0	237	112
201	180	36	40	232	53	66	210	0	236	111
195	183	37	39	230	49	60	212	2	238	111
194	186	38	38	236	50	60	211	0	242	107
191	190	32	37	231	52	62	211	1	245	113
197	196	33	36	229	49	65	217	0	243	107
203	196	31	39	227	54	62	216	0	240	112
201	191	28	44	221	57	63	213	0	234	107
205	189	32	49	221	52	63	219	4	236	104
207	184	31	52	223	49	63	215	3	235	105
206	184	31	46	218	43	57	212	0	241	105
212	190	29	45	219	41	54	210	1	236	102
211	191	32	48	221	40	54	206	2	231	96
206	188	37	46	218	44	57	208	4	228	97
205	194	43	47	218	50	53	213	0	233	91
211	194	48	52	217	54	58	208	1	239	85
210	197	54	54	215	50	54	213	0	237	89
207	200	60	60	219	50	57	215	5	242	85
213	196	54	62	223	55	62	218	2	237	83
214	195	55	60	221	49	65	214	0	238	85
216	192	59	64	224	46	64	216	1	244	80
216	192	56	58	226	48	60	222	0	240	84
213	192	58	62	221	54	66	225	0	239	84
209	187	63	57	223	58	68	219	4	234	86
210	185	68	59	219	58	62	218	2	233	81
214	180	65	59	219	63	66	218	0	238	80
218	185	70	53	219	59	71	218	6	240	80
213	191	65	50	219	60	71	212	8	240	86
212	189	62	48	217	61	73	207	12	241	92
215	187	63	53	220	55	75	208	9	242	95
219	189	65	55	221	53	76	209	13	239	94
222	187	63	56	218	51	79	215	10	240	92
226	187	64	58	215	57	74	216	4	237	98
226	183	68	54	220	54	73	219	0	241	92
230	182	73	48	214	53	67	215	4	242	92
235	176	72	45	220	54	65	212	0	248	87
236	176	69	40	218	52	67	208	0	254	90
235	177	63	39	219	58	62	208	0	255	95
240	176	68	39	225	59	61	202	0	255	97
239	181	72	34	225	56	61	208	0	250	94
243	179	76	36	224	56	66	211	4	252	95
237	184	70	34	219	61	66	211	3	248	92
233	190	73	40	225	63	64	209	9	254	98
230	195	67	37	220	67	64	215	8	255	100
225	194	70	42	224	69	59	219	14	255	95
224	197	64	41	219	66	53	217	12	253	99
220	193	60	42	218	65	53	214	16	255	96
215	188	64	44	218	67	55	218	11	255	92
211	191	70	40	219	73	53	215	7	252	88
209	185	71	43	221	76	51	213	8	247	94
210	189	72	40	224	74	50	213	14	241	93
207	187	69	46	228	78	53	216	17	240	88
208	190	72	51	233	82	58	219	17	239	84
211	195	67	54	230	83	57	225	23	243	88
217	199	64	50	236	84	55	222	22	246	89
220	199	60	47	242	89	55	217	20	251	89
224	196	58	50	237	88	58	222	20	251	87
220	192	61	53	241	85	54	225	23	255	84
214	191	56	56	235	83	59	222	26	249	87
217	185	54	60	233	80	61	227	26	244	91
219	181	50	56	237	81	66	227	22	249	90
218	185	50	60	239	80	71	231	19	255	94
215	183	49	62	241	76	67	236	21	251	92
210	181	52	58	242	75	65	233	20	252	88
211	177	54	63	244	79	59	228	21	252	90
207	180	50	68	242	81	65	230	22	246	86
204	177	53	66	246	84	59	227	24	247	88
200	172	51	64	249	85	57	222	19	250	85
201	171	45	60	251	89	58	221	20	245	91
204	173	40	62	246	84	56	223	20	243	90
208	173	36	60	245	78	58	226	14	237	92
203	168	35	59	247	84	54	228	15	236	87
201	173	35	64	245	79	54	233	9	233	84
204	179	32	65	239	80	55	227	13	236	90
199	174	29	65	236	77	51	222	16	232	84
205	178	27	66	234	76	53	226	19	237	83
206	173	21	62	229	79	50	221	22	237	78
201	172	22	58	223	83	50	226	27	231	78
196	166	22	60	220	84	45	220	25	226	81
198	171	22	61	218	81	43	217	25	221	79
194	166	17	66	216	78	49	213	26	221	73
192	171	20	62	219	74	47	208	20	217	72
188	174	17	63	221	78	44	208	16	219	77
184	175	14	65	217	84	50	214	13	225	78
185	171	9	71	215	87	53	217	16	220	84
191	170	11	76	221	86	50	214	22	223	90
187	171	10	81	227	81	50	220	23	220	88
189	167	6	84	226	84	50	215	22	215	82
187	169	6	80	226	83	50	212	16	217	81
183	169	12	85	227	81	51	210	19	223	86
181	166	15	86	228	85	48	216	23	227	83
185	172	21	84	230	90	46	211	21	231	84
186	168	26	80	236	90	49	209	18	231	86
181	170	24	86	230	94	48	204	15	232	82
187	172	26	86	229	91	44	200	21	226	82
182	177	31	86	231	89	46	205	16	222	84
185	181	28	88	232	89	51	201	16	216	89
186	179	31	83	235	90	50	199	11	211	87
192	180	29	82	238	96	53	197	16	215	84
189	174	35	81	241	93	55	194	15	213	82
183	180	30	85	242	88	54	188	9	216	78
179	182	34	84	244	89	60	192	9	216	81
184	181	40	88	242	88	57	193	13	211	83
189	179	37	86	241	93	56	189	16	212	85
193	185	41	82	236	94	51	190	19	212	82
193	180	41	76	236	96	52	195	19	217	77
198	176	39	77	231	96	50	191	14	221	72
193	178	45	73	235	98	44	188	15	224	72
195	175	44	76	239	100	38	192	16	221	75
193	178	47	79	242	96	39	196	17	224	74
190	177	49	77	243	98	37	193	22	229	72
196	177	43	83	249	102	37	192	17	234	74
201	183	40	84	250	104	41	197	11	240	72
206	179	45	88	249	102	42	193	5	245	67
205	176	44	89	253	107	39	190	5	240	73
204	172	43	86	248	102	41	186	0	238	78
205	166	43	83	247	106	36	184	0	237	72
205	166	46	83	247	111	33	184	0	235	71
199	168	41	83	249	114	35	185	4	237	72
198	169	47	88	243	112	32	190	5	237	71
196	170	45	90	238	118	38	194	3	242	70
198	173	45	90	232	119	44	191	6	237	73
194	174	40	89	229	115	49	187	10	232	72
191	180	43	90	234	120	55	182	6	236	76
185	184	47	91	231	117	52	182	10	238	73
191	181	42	91	232	123	57	176	9	243	78
196	178	39	93	231	127	63	174	12	245	82
191	177	34	88	232	124	61	175	16	249	88
194	175	34	90	236	123	57	171	10	252	90
194	178	29	89	233	120	58	174	10	255	96
194	180	25	84	238	122	52	178	4	255	98
189	185	19	82	236	118	51	174	8	255	104
195	188	25	78	233	112	50	177	10	250	98
189	194	19	79	238	107	49	180	12	250	101
184	188	15	77	235	113	50	178	16	244	102
180	184	16	73	240	109	54	177	12	239	98
181	184	22	72	241	106	49	172	10	237	102
175	180	18	69	245	107	49	168	5	237	99
181	178	16	65	246	101	51	173	7	232	98
183	179	18	60	252	97	56	175	13	231	98
179	177	16	63	250	96	57	176	11	231	98
177	171	13	60	255	94	60	179	12	234	100
181	177	14	55	255	98	61	184	11	237	105
182	177	16	52	253	97	66	179	12	239	105
182	172	17	58	247	97	65	179	16	241	103
186	174	17	55	251	96	62	179	13	236	103
189	176	17	52	247	95	60	174	14	238	98
195	173	16	55	251	98	65	179	18	240	100
193	176	16	60	251	93	60	178	20	245	95
192	176	15	61	252	87	65	175	24	239	101
195	178	9	59	254	88	62	172	21	242	97
194	177	14	54	255	92	64	169	18	243	103
192	183	8	57	255	91	67	173	20	240	103
188	187	11	54	255	88	64	176	21	235	100
184	189	12	52	249	86	66	173	19	231	100
179	184	11	52	249	80	67	169	13	226	99
184	185	13	52	244	84	67	170	17	231	103
180	179	18	51	250	87	69	167	23	227	108
178	184	24	53	246	81	74	166	18	230	113
180	186	25	48	242	77	70	161	12	227	111
184	188	25	52	239	71	70	158	13	228	107