SINAL	ATTEN	MED	H.A	L.A	H.B	L.B	M.G	L.G	THE	DEL
210	167	195	15	253	178	64	5	28	146	41
216	170	189	14	255	184	69	3	28	140	45
213	164	195	10	249	182	68	0	26	137	40
219	161	197	5	254	177	74	0	32	133	39
216	166	191	0	249	181	74	0	38	136	39
221	164	191	4	252	176	78	0	33	139	42
220	164	191	3	250	170	81	2	32	141	36
220	168	189	0	246	171	81	0	27	145	31
225	169	191	0	245	176	76	5	32	150	35
228	165	190	0	248	174	76	5	34	154	30
231	161	191	3	245	168	75	1	30	150	36
226	156	186	0	246	166	81	0	25	147	34
232	154	188	2	249	163	75	0	27	141	40
228	157	186	0	255	168	72	4	29	135	34
233	153	186	0	255	162	77	0	26	133	38
232	147	182	0	255	165	81	0	26	137	44
227	149	179	0	253	166	86	0	26	131	47
228	144	175	0	254	165	92	1	30	132	51
226	149	176	3	251	160	96	6	27	137	45
226	153	171	5	251	161	91	10	32	132	42
232	154	167	0	248	156	95	12	28	138	47
231	157	172	0	245	150	93	13	30	143	50
232	155	176	0	251	144	90	12	34	141	56
235	150	172	4	252	145	85	13	29	144	53
233	146	170	1	255	142	90	15	25	138	51
228	148	164	0	255	140	88	15	29	132	57
223	145	163	6	255	134	89	15	24	136	60
220	142	159	1	255	132	89	11	21	137	60
215	139	161	0	254	132	93	14	15	137	57
221	139	157	1	254	128	92	8	19	135	63
222	134	162	1	248	130	91	4	14	133	58
218	131	160	6	250	128	86	10	17	138	62
218	137	154	7	247	124	90	12	19	132	56
224	143	152	4	250	121	90	12	24	132	51
221	146	149	5	254	127	92	16	30	129	54
216	149	146	8	248	127	97	21	27	125	58
213	152	140	5	243	122	96	15	24	121	61
216	156	135	9	241	116	91	18	29	124	59
214	158	135	6	238	110	92	17	32	127	62
220	160	137	4	241	110	97	14	36	132	68
214	165	132	1	235	114	96	11	41	132	67
216	165	127	0	238	109	94	9	43	128	65
211	166	126	0	238	107	93	6	48	133	62
215	163	130	0	236	101	98	6	46	135	61
216	169	134	0	241	104	101	9	48	130	64
216	172	129	6	243	105	105	14	43	136	67
222	177	128	11	247	102	99	16	47	142	68
228	182	128	9	247	101	105	22	47	142	74
230	182	130	11	251	104	99	17	47	139	79
233	183	133	17	255	109	96	15	44	140	80
235	187	138	14	251	107	90	19	47	140	81
241	182	137	18	248	107	90	16	43	142	77
235	178	138	17	249	111	85	14	42	147	75
237	182	143	19	254	114	84	14	44	153	73
231	177	144	22	253	117	87	14	49	151	74
231	180	142	20	250	119	84	19	47	145	75
233	176	141	22	245	119	90	24	44	145	70
234	171	140	27	243	117	93	22	40	141	76
237	166	142	24	245	111	88	17	46	137	80
242	162	144	29	244	108	92	20	41	142	86
238	164	141	33	242	112	94	25	43	147	88
236	169	143	36	245	116	94	21	37	148	92
238	175	138	35	246	122	99	27	33	145	95
239	175	142	32	246	121	97	21	33	148	95
240	172	144	31	252	125	103	22	33	150	94
241	173	147	26	255	120	109	24	33	152	95
245	177	147	26	253	122	104	19	27	148	101
248	183	141	25	251	121	102	23	25	143	102
245	186	147	31	255	123	105	26	31	148	101
242	185	150	37	255	128	99	29	36	149	107
240	187	146	35	255	133	94	29	35	155	102
242	184	150	33	249	131	100	28	40	153	106
241	188	145	38	245	131	106	23	43	156	106
238	183	140	43	249	134	100	17	46	161	109
235	178	137	47	255	131	94	20	51	166	114
237	177	142	41	255	137	93	25	54	160	120
232	182	139	41	249	138	94	31	56	158	114
228	186	143	39	251	140	97	26	51	156	120
227	190	139	36	255	139	96	30	53	159	115
233	196	140	36	250	142	98	26	55	162	117
232	198	134	31	246	139	95	20	50	163	121
235	200	129	33	246	143	98	25	52	169	123
229	202	128	30	241	147	98	20	53	163	124
227	206	131	31	241	146	92	22	50	161	127
224	207	134	28	239	143	93	25	51	158	130
218	205	139	27	240	143	97	28	55	160	130
215	205	141	30	243	147	94	31	56	163	124
210	201	138	30	239	144	100	36	62	160	124
211	204	135	35	245	139	97	38	56	166	119
210	204	132	34	248	139	102	35	60	169	123
205	198	135	32	250	138	106	31	61	168	124
206	196	138	37	248	136	112	27	61	174	126
210	195	139	37	249	135	117	21	60	169	129
204	193	139	35	244	132	112	16	58	171	125
202	190	136	38	240	130	111	21	57	166	126
202	188	137	33	235	127	110	25	53	161	131
205	186	131	28	231	121	113	30	51	160	135
205	190	132	34	228	117	118	27	56	163	137
211	189	130	38	222	122	112	25	56	157	137
214	187	129	36	219	126	112	19	62	156	135
215	183	132	33	224	125	106	25	58	152	136
217	186	128	37	226	129	112	31	53	156	136
211	181	131	31	226	132	106	34	59	162	135
215	184	136	36	220	131	105	38	59	159	138
218	179	132	38	215	126	108	38	55	157	139
213	176	134	42	210	131	106	44	53	153	141
208	179	137	45	205	128	106	48	49	151	144
207	185	142	50	202	134	111	42	43	155	144
212	184	148	46	206	136	106	42	48	150	150
209	187	144	49	206	132	104	44	52	144	153
211	186	138	51	210	134	107	42	49	142	152
213	181	138	50	209	129	106	41	49	142	146
210	176	132	47	212	129	107	45	45	148	140
208	174	132	45	212	132	103	48	47	151	140
208	175	138	45	212	129	104	54	52	152	143
207	175	137	41	211	127	108	55	56	155	144
212	171	141	45	209	123	111	55	61	153	139
217	177	143	40	215	122	115	52	59	155	144
222	172	140	40	221	120	115	47	57	151	144
227	171	137	35	218	126	119	50	56	148	138
230	172	136	36	221	125	122	56	54	144	143
228	178	142	38	227	125	123	57	51	138	148
224	174	140	32	222	128	118	52	45	138	151
219	170	135	32	228	129	124	48	41	133	147
216	165	136	29	233	124	118	52	40	134	144
214	164	135	32	230	129	119	54	45	133	138
208	165	136	36	234	133	121	56	41	134	143
205	170	137	31	233	132	125	58	37	140	138
210	165	139	29	229	127	121	60	31	135	140
205	170	135	32	224	122	119	64	33	140	141
207	172	135	29	223	120	120	69	31	134	147
213	171	130	31	218	124	119	64	26	136	150
211	170	128	29	212	118	121	63	22	135	145
216	171	127	31	212	112	117	64	24	131	148
219	172	126	34	214	113	111	69	27	129	152
222	177	120	37	215	110	115	70	22	129	157
225	180	123	33	209	105	118	71	28	125	153
228	176	120	39	212	101	114	72	22	122	153
229	179	122	41	212	95	108	77	26	118	151
234	178	121	40	208	90	104	79	21	118	153
228	172	125	40	202	93	107	84	22	123	152
234	168	120	44	208	92	101	81	19	126	156
231	166	115	44	212	88	103	78	16	124	160
229	165	112	49	211	94	109	80	12	127	157
233	167	118	51	214	98	103	82	11	122	163
239	161	117	57	220	97	103	78	16	120	162
244	163	114	62	224	93	102	81	17	116	166
240	164	110	66	224	90	107	85	20	112	164
235	160	113	62	222	90	113	81	22	113	163
231	160	107	56	223	93	117	76	19	115	162
229	161	108	55	218	93	113	74	20	113	158
224	159	105	59	214	88	112	75	14	109	156
230	160	102	56	215	91	112	81	18	105	161
235	165	106	59	210	86	116	85	14	101	161
239	168	102	55	209	87	110	81	11	103	157
237	164	99	58	211	92	115	82	6	108	152
239	170	97	53	216	96	115	86	1	110	151
235	176	95	53	217	101	111	90	4	109	145
233	177	92	59	217	102	111	86	10	106	150
229	183	87	53	213	100	109	89	13	103	146
229	182	81	55	209	100	104	84	9	103	146
225	188	87	54	209	104	98	88	8	102	150
230	190	91	57	215	106	104	83	9	97	147
227	192	93	59	211	102	100	88	10	94	144
231	196	97	55	205	102	94	89	6	100	140
227	199	93	50	210	106	88	87	8	100	141
233	202	91	52	207	107	93	92	6	102	143
238	206	87	52	205	106	97	86	0	96	141
233	204	84	46	200	110	102	84	4	92	143
237	199	80	45	205	111	101	82	5	90	143
239	193	82	44	204	105	106	79	6	92	142
233	190	77	48	207	103	107	79	11	92	136
237	196	82	48	205	106	113	84	17	96	136
234	202	81	53	204	109	107	78	17	91	130
236	199	84	47	208	115	113	76	23	89	129
235	203	78	50	211	118	116	73	19	87	129
238	199	76	56	209	118	116	74	19	81	124
236	204	70	55	203	120	116	78	23	85	127
234	198	76	51	203	116	113	83	24	80	126
233	198	78	54	209	111	112	77	29	77	126
228	192	77	52	215	106	115	77	35	73	128
234	193	82	56	210	109	111	73	37	73	134
228	194	85	59	205	108	106	71	41	77	132
225	200	83	57	209	105	104	73	36	82	131
231	201	81	59	211	104	102	77	32	84	132
233	199	76	60	207	99	99	77	28	84	126
228	201	70	61	203	99	103	81	24	90	126
223	204	75	55	206	96	109	76	19	93	120
222	202	78	52	205	93	113	78	19	94	115
226	204	72	46	210	93	112	80	25	95	111
228	207	73	47	205	95	112	77	22	98	115
231	209	69	48	203	95	111	73	18	92	112
231	203	70	49	202	93	112	68	19	93	115
228	201	65	55	202	97	116	71	22	93	116
229	200	70	50	198	94	116	68	17	94	122
227	199	72	51	203	100	121	62	12	97	123
223	202	78	56	203	102	125	57	10	92	124
224	205	76	57	202	100	131	56	7	91	128
220	200	81	54	197	105	127	58	3	92	134
221	199	81	60	196	101	132	56	4	97	130
222	205	78	64	197	102	129	61	3	92	132
227	201	81	59	197	103	133	64	1	95	126
225	205	82	64	198	97	130	63	2	98	131
227	210	83	60	197	99	124	60	0	95	127
227	212	78	58	197	98	120	54	0	93	133
226	215	72	58	199	93	123	59	3	98	130
222	216	67	61	202	88	121	59	8	103	132
219	213	72	61	200	82	121	58	12	102	134
224	212	74	64	203	87	127	62	7	101	138
218	207	79	68	206	83	122	57	2	101	142
222	211	83	66	200	87	119	59	7	98	141
228	215	81	61	196	92	118	65	2	97	145
224	209	86	60	190	95	118	70	0	99	148
224	203	81	64	185	96	114	69	3	102	146
223	203	76	69	190	90	118	75	4	97	143
224	200	79	68	185	95	114	71	0	95	143
223	200	73	66	183	98	112	71	0	95	141
220	201	70	62	181	93	116	77	3	91	144
226	196	72	57	184	88	120	73	6	90	143
223	194	72	56	185	90	115	71	0	85	144
224	196	75	59	181	89	113	77	5	88	140
220	192	74	63	183	93	113	72	8	87	136
219	195	77	69	184	89	112	76	7	88	140
215	200	82	69	186	86	114	73	1	83	138
214	205	86	73	181	82	114	79	6	78	143
220	201	81	71	177	88	116	85	2	76	140
222	197	81	67	176	93	113	88	7	74	144
219	194	84	68	176	89	116	84	10	73	141
222	193	90	70	173	86	114	85	16	69	139
218	193	94	70	176	90	110	88	16	72	136
224	190	89	74	174	89	114	92	18	74	132
219	192	85	78	173	85	116	95	14	80	132
224	190	80	74	175	87	118	94	14	84	131
226	193	78	68	178	93	115	91	9	84	131
228	189	72	74	174	93	114	91	12	85	128
229	194	70	79	174	98	117	93	13	84	131
225	192	69	73	171	101	122	97	14	88	137
223	189	71	67	166	106	122	101	8	92	134
224	184	69	72	168	110	123	100	8	94	134
219	187	75	78	163	107	126	98	6	99	128
224	184	74	79	160	107	125	96	0	96	131
225	189	69	85	157	108	119	96	0	97	125
220	195	70	80	162	112	121	95	0	102	124
222	199	75	77	163	113	115	93	0	96	128
222	200	70	79	159	110	120	87	0	93	130
224	199	70	80	155	110	117	93	0	89	129
219	194	74	77	155	111	113	99	0	93	123
218	190	73	80	160	109	114	99	0	94	124
212	185	78	84	163	105	113	94	1	94	127
209	190	80	83	165	109	111	99	2	93	133
207	186	82	85	167	103	106	104	8	89	135
209	187	85	81	167	98	107	99	10	90	133
208	182	83	84	171	93	109	95	10	91	137
207	180	81	82	171	88	113	89	4	95	131
203	175	86	81	165	85	107	91	0	93	127
208	176	83	81	171	82	110	88	0	95	129
204	179	78	87	170	79	116	91	5	100	127
207	182	75	87	173	84	112	85	4	96	124
203	187	72	91	170	79	114	89	0	96	125
205	189	71	96	170	83	116	86	0	101	130
206	187	73	96	164	79	111	87	0	102	129
201	188	71	95	163	78	106	83	0	96	134
202	193	69	98	167	78	104	82	0	95	132
207	194	65	102	165	82	107	81	0	92	130
211	193	63	105	167	82	103	87	4	88	131
211	197	60	100	169	82	104	85	3	94	127
210	194	63	99	175	76	104	79	0	92	125
212	196	69	94	172	72	106	78	0	89	122
208	195	74	97	169	72	108	84	0	89	121
204	191	71	92	169	70	111	88	0	90	115
198	188	74	95	168	64	108	82	0	86	113
198	185	71	100	172	68	102	79	0	88	114
198	187	77	95	166	67	106	76	6	85	110
199	187	73	101	167	70	102	75	3	82	112
197	190	78	99	168	72	105	75	1	88	107
194	186	83	96	167	67	103	81	0	91	101
191	191	77	101	163	68	99	81	2	89	99
194	193	82	102	168	71	101	82	7	89	93
193	198	77	96	173	66	105	80	4	90	98
188	201	77	90	178	63	100	82	6	90	102
189	198	75	93	172	57	101	86	0	92	99
185	197	75	91	169	52	104	87	0	91	95
182	202	79	97	167	57	98	81	4	89	101
178	205	76	99	171	56	96	75	9	89	105
173	200	77	95	166	51	92	70	10	87	109
175	203	78	89	160	54	95	70	4	86	108
172	202	77	87	159	59	89	71	6	89	102
168	206	77	84	155	63	85	70	10	88	99
166	206	72	84	157	69	89	68	6	92	101
165	202	77	84	153	67	88	67	0	88	106
160	205	71	89	148	67	91	73	0	85	112
161	199	69	92	142	70	95	77	0	86	107
155	202	63	93	141	67	95	79	0	88	110
153	205	67	96	135	67	90	82	0	83	109
155	206	71	93	136	61	91	78	2	84	112
151	200	73	95	142	62	94	79	4	88	117
156	205	72	101	144	61	96	81	0	82	118
153	209	77	99	143	66	99	81	4	79	117
156	203	77	94	139	63	102	78	3	85	121
160	205	73	88	135	62	96	75	0	83	120
163	202	71	88	131	62	100	81	0	88	117
158	199	73	83	129	64	102	85	0	93	115
154	202	74	87	123	70	98	82	3	87	114
155	204	79	93	120	67	92	80	6	90	114
154	201	84	97	117	63	87	82	8	88	117
157	197	84	100	122	59	87	80	4	91	112
156	193	84	105	122	65	89	77	3	93	110
160	190	89	105	117	64	88	76	4	97	105
163	190	90	105	120	64	93	82	5	93	110
166	187	85	101	124	63	97	80	2	93	116
171	188	82	104	130	66	97	83	0	99	112
166	193	78	99	124	72	94	89	0	94	108
168	196	83	101	124	73	97	91	0	96	106
172	195	80	106	120	73	100	91	0	95	108
175	195	84	112	117	69	103	86	0	89	103
176	194	84	117	122	72	103	92	0	87	106
182	188	82	115	125	69	101	88	0	85	102
188	184	76	114	129	72	102	88	4	91	99
186	183	74	109	130	70	97	87	5	88	102
185	182	76	110	126	70	98	91	5	89	98
187	188	71	105	132	71	92	86	7	92	95
185	192	69	102	133	65	88	87	7	94	95
184	195	68	98	133	66	92	87	12	96	98
186	201	63	95	135	72	90	88	15	102	97
184	195	57	100	132	71	86	88	17	105	95
178	199	52	94	128	67	85	87	22	107	99
180	203	54	99	128	63	81	81	16	108	101
178	198	57	93	123	68	78	82	14	108	97
184	200	60	93	129	71	75	82	20	104	101
182	205	61	96	123	75	73	77	26	107	103
182	206	66	101	122	79	71	77	31	109	102
185	204	65	106	123	80	75	83	32	104	104
191	199	70	106	128	81	80	83	32	100	103
186	195	72	105	124	87	82	86	26	101	97
186	190	78	103	124	88	77	90	23	106	100
189	184	72	108	123	82	74	94	19	101	103
187	178	73	107	119	76	71	97	22	99	106
187	172	69	103	116	80	73	101	27	95	108
186	170	65	105	111	77	75	95	29	89	111
192	171	66	99	116	77	73	94	29	94	113
187	172	70	97	116	81	74	99	25	91	108
190	167	65	102	117	86	80	95	26	95	104
195	168	63	103	120	86	74	91	26	96	110
196	169	62	104	116	80	77	92	29	94	115
192	170	68	101	115	76	83	96	34	93	114
193	165	65	95	116	81	80	92	33	94	116
194	170	63	95	121	82	78	91	30	91	118
197	164	59	90	116	88	75	91	30	93	119
192	161	60	86	115	88	78	85	35	99	125
192	159	60	91	114	87	80	91	35	94	125
195	160	66	97	114	87	86	86	32	95	124
200	160	70	92	116	90	87	89	37	101	125
205	154	72	90	117	91	89	95	42	101	127
203	158	78	93	112	94	85	89	43	104	126
197	152	75	94	116	89	79	91	45	108	126
202	155	72	99	116	89	77	89	47	109	126
203	155	75	100	112	89	76	91	43	104	122
201	153	81	102	112	92	76	87	45	103	125
206	150	76	106	113	86	81	90	39	99	121
210	152	75	109	115	83	86	90	36	96	119
214	154	80	115	118	86	90	91	32	96	123
213	151	82	111	120	80	89	94	31	96	118
215	147	86	113	115	77	91	90	30	96	123
213	144	85	118	118	78	88	85	34	90	126
209	143	83	121	112	80	87	80	34	93	120
207	147	78	123	115	80	83	82	32	89	125
205	152	73	125	118	75	86	83	30	86	128
203	149	76	124	112	76	85	89	24	89	128
197	153	77	124	107	75	82	88	18	84	132
197	152	81	122	110	72	83	85	24	90	135
192	149	82	121	116	69	89	81	19	86	129
194	149	81	117	112	68	87	85	21	84	125
195	149	83	119	109	68	88	90	23	88	119
200	153	85	116	113	65	88	85	29	84	118
195	155	88	121	109	65	94	84	30	78	119
189	158	86	117	105	69	89	88	36	74	125
191	157	81	111	110	66	84	85	41	77	131
187	159	84	114	110	71	79	80	36	74	133
192	157	81	112	113	73	76	78	39	70	133
192	152	86	114	117	68	78	78	39	74	139
197	146	83	118	122	69	81	75	40	76	133
194	152	88	124	123	75	79	79	35	78	137
200	152	88	122	120	77	78	79	33	74	134
194	158	82	123	121	83	82	78	30	75	135
197	158	78	127	125	78	83	73	32	81	132
201	156	73	132	129	73	83	68	35	84	138
206	159	69	137	130	73	86	72	35	87	144
200	165	69	139	125	70	90	75	39	90	150
195	166	75	142	119	66	94	78	35	86	147
193	162	73	137	120	64	96	72	34	81	143
187	163	72	136	125	67	96	68	28	86	144
191	166	77	135	125	63	92	69	22	82	143
197	167	75	141	121	69	89	64	22	86	137
192	162	75	143	119	65	93	68	25	90	133
189	165	80	138	122	60	96	70	30	91	139
189	169	82	135	116	60	94	70	32	93	135
189	169	86	133	114	60	97	69	34	87	140
194	171	90	130	115	61	96	69	31	88	144
191	175	88	125	118	62	98	68	30	92	145
195	174	83	122	124	61	92	62	30	93	150
192	173	81	123	119	62	88	68	26	92	148
190	172	83	119	119	59	83	64	31	88	150
192	168	82	113	119	60	87	58	32	85	156
195	169	77	108	117	54	85	55	38	87	155
194	172	71	107	121	51	84	57	36	84	157
190	168	71	110	115	56	88	52	36	82	157
194	165	72	106	112	60	83	49	41	87	152
197	164	66	107	116	65	77	53	35	89	153
203	160	68	108	112	60	73	48	38	89	153
198	158	64	102	106	56	69	51	44	89	158
198	163	59	101	103	50	71	47	47	94	155
201	157	54	103	100	44	74	47	47	93	156
200	160	54	102	105	43	78	47	48	94	155
198	164	60	97	108	45	84	42	51	92	150
197	167	56	97	112	48	79	40	46	95	151
192	170	56	99	116	51	82	34	52	93	146
198	167	52	94	119	53	87	34	54	98	147
198	169	48	96	123	59	90	33	56	102	147
192	174	53	90	119	59	96	32	55	104	141
198	169	50	94	121	55	101	33	49	99	139
192	169	53	94	119	55	105	31	55	97	139
186	175	59	99	124	51	101	36	55	96	145
185	172	63	94	121	48	103	33	56	94	140
188	169	59	99	120	42	107	27	60	90	141
186	167	58	93	122	43	110	23	61	96	147
192	169	56	89	119	38	107	27	62	101	144
189	168	60	85	122	33	112	23	61	107	142
183	168	64	82	125	29	108	28	65	104	143
179	171	60	81	125	35	107	34	62	101	137
184	172	63	82	121	34	110	30	65	100	140
187	171	67	77	121	29	113	27	59	94	139
185	169	63	72	116	35	115	22	53	96	145
186	172	60	69	116	39	119	20	59	92	149
189	171	66	72	116	40	113	26	58	87	151
194	166	66	70	112	42	111	32	55	84	148
188	164	62	65	115	40	111	31	52	82	152
192	164	56	69	118	34	113	34	50	87	158
196	169	58	72	124	38	109	28	47	81	157
196	164	53	73	130	40	105	30	41	85	162
190	165	55	75	135	43	111	35	39	87	165
194	168	51	76	136	38	107	35	36	88	164
188	166	56	80	133	39	104	35	38	91	168
189	166	60	81	138	36	106	32	34	91	170
186	164	61	80	143	40	107	30	32	94	175
191	167	55	86	139	44	106	28	26	90	170
197	167	57	90	139	45	111	31	26	93	166
200	161	54	95	133	51	114	31	22	97	166
200	166	51	91	127	50	120	36	21	95	165
196	161	47	96	129	51	119	35	22	91	159
201	155	46	91	125	55	124	33	27	87	158
200	156	42	95	122	56	119	36	27	88	155
201	156	40	97	123	54	121	37	22	94	152
203	158	35	101	117	50	125	43	25	98	156
205	158	39	100	113	51	125	45	29	93	161
206	163	39	96	116	55	119	47	24	88	167
212	159	37	99	112	54	116	43	30	84	171
212	164	40	103	109	60	110	46	26	89	165
213	160	42	106	108	60	113	42	26	95	166
214	158	40	110	110	62	111	37	30	98	168
218	161	40	104	108	65	116	42	26	98	168
219	159	40	98	105	71	121	41	26	102	167
217	156	42	95	103	66	122	44	31	101	165
213	152	46	101	109	70	124	48	33	103	165
212	147	41	104	105	73	130	48	39	107	169
217	148	46	100	105	75	126	51	33	104	171
212	147	42	104	111	79	123	46	39	110	168
217	143	41	101	110	75	127	43	45	108	170
216	138	39	98	111	72	133	38	43	112	165
222	134	39	104	115	73	134	40	48	107	170
227	136	44	106	109	72	128	46	47	112	174
230	139	44	108	105	78	133	45	45	109	169
227	134	41	102	104	81	134	40	41	105	171
231	139	36	103	100	81	128	41	37	108	168
231	145	31	97	98	85	125	46	39	114	171
236	145	36	97	94	90	126	51	34	108	169
242	144	40	91	88	88	125	54	38	107	170
243	142	34	93	86	89	119	52	36	111	176
237	146	37	93	87	84	118	55	37	114	182
233	150	42	97	93	82	113	60	43	109	180
233	147	40	101	90	83	110	55	48	109	181
229	152	40	103	93	78	106	59	45	112	176
231	154	36	98	87	79	109	57	51	106	182
237	148	39	92	82	78	106	52	52	107	181
239	152	34	89	78	79	103	50	58	112	178
235	151	40	95	80	74	102	48	60	106	175
231	150	42	92	86	76	107	47	60	111	179
237	145	44	98	83	76	106	46	55	114	178
241	146	46	101	87	78	102	41	60	111	176
238	151	48	106	83	77	98	35	55	108	179
239	156	51	102	89	83	103	34	50	105	180
236	157	47	104	94	84	100	39	46	99	184
237	152	43	108	88	78	101	37	49	103	185
239	155	45	105	85	75	102	35	50	98	179
237	153	43	107	84	81	99	31	54	95	179
232	158	42	101	79	84	94	36	57	91	174
230	160	48	105	75	79	95	34	58	86	174
233	164	49	110	72	76	93	30	54	85	172
228	169	50	110	78	79	96	26	51	91	174
228	168	56	110	82	82	96	24	53	91	177
230	168	50	116	79	87	99	30	48	92	181