SINAL	ATTEN	MED	H.A	L.A	H.B	L.B	M.G	L.G	THE	DEL
7	49	117	210	235	253	221	107	236	213	2
3	44	121	212	239	249	216	106	241	217	0
9	45	126	212	241	250	213	108	236	218	0
4	49	122	208	247	255	207	108	232	224	0
0	55	127	202	242	254	203	105	234	223	1
0	55	130	203	237	248	201	101	235	221	0
0	58	127	206	238	251	206	96	233	223	0
3	57	131	209	242	245	207	90	232	220	0
9	60	130	213	242	240	205	91	236	220	5
15	60	125	214	243	235	211	89	234	224	11
20	55	119	215	239	233	209	94	236	222	7
23	56	116	210	242	230	211	92	235	226	6
22	62	119	212	237	236	205	97	235	225	11
28	67	124	215	232	241	208	95	237	219	17
34	72	121	221	233	245	214	97	234	220	15
40	72	126	222	232	248	208	102	239	215	14
36	67	131	220	229	250	203	98	238	220	19
34	65	133	225	224	249	202	96	232	222	25
35	64	135	226	224	244	202	91	229	222	29
35	67	136	228	223	244	208	89	231	222	23
38	67	141	228	226	238	205	86	235	225	25
35	62	144	227	230	240	211	91	232	228	23
35	62	146	231	226	234	212	92	237	229	29
32	59	141	234	229	230	217	88	243	227	27
36	55	145	236	233	226	219	90	247	232	25
35	56	147	241	232	221	224	87	247	230	29
37	61	145	244	228	219	221	88	246	234	33
33	63	139	241	228	217	225	94	246	232	27
38	66	135	237	232	222	228	92	244	236	30
43	66	134	237	228	220	225	91	245	242	25
40	67	134	240	228	223	220	89	248	245	30
43	70	132	241	234	222	220	86	244	241	26
38	65	129	247	239	226	214	90	239	236	29
43	71	131	251	238	222	218	92	235	230	30
40	76	129	248	240	225	219	94	235	234	24
46	77	125	246	235	230	219	91	235	230	22
40	72	130	252	241	225	215	96	239	235	21
45	66	125	251	239	227	209	97	242	232	18
47	66	131	254	242	228	205	99	245	233	12
50	66	129	254	243	229	203	99	246	237	10
50	70	134	248	249	235	208	93	248	236	12
47	68	136	243	245	241	211	96	243	236	12
43	69	138	243	251	236	213	94	238	234	15
45	67	135	248	250	231	216	88	240	237	9
49	67	138	246	248	225	211	87	243	231	11
52	65	132	246	250	225	205	81	248	231	15
56	66	136	240	244	230	204	77	242	231	18
52	63	130	237	250	226	199	73	238	232	22
51	65	128	238	251	225	194	67	242	235	22
51	61	130	233	251	227	192	70	236	236	21
49	59	133	235	245	229	189	73	237	241	25
49	61	131	232	242	224	193	74	238	241	26
47	55	127	233	245	223	198	70	241	235	28
44	55	127	237	247	222	197	68	247	235	32
44	55	133	234	249	217	200	70	242	233	35
50	59	128	233	251	221	201	70	245	237	40
52	61	131	233	255	216	201	65	242	231	36
54	55	129	231	251	210	198	63	239	235	33
56	52	133	230	251	212	198	61	239	230	39
56	57	138	228	251	215	195	56	237	234	37
62	54	143	233	251	217	194	62	242	237	36
56	55	148	230	255	223	196	60	237	235	34
55	52	154	228	255	224	201	54	237	241	29
58	58	153	223	251	224	206	53	231	244	27
62	56	149	217	249	224	200	57	234	242	28
58	53	150	211	243	225	199	55	229	247	28
54	55	151	205	247	227	203	49	226	245	26
50	53	150	200	247	224	201	44	231	245	21
51	57	148	201	253	227	203	43	233	245	18
53	63	149	199	255	226	203	44	227	240	19
47	65	150	200	255	228	199	40	224	242	18
52	64	148	194	253	228	196	45	222	246	18
47	58	146	196	255	224	196	44	216	251	16
44	54	146	199	255	219	197	38	214	246	18
48	52	149	198	250	216	203	44	213	242	23
50	58	155	194	255	216	203	50	211	241	27
48	64	153	198	255	214	197	53	205	245	23
49	69	150	198	255	212	191	58	209	243	27
47	65	144	198	254	211	195	54	209	246	26
52	59	147	200	255	209	192	56	205	242	21
51	56	152	203	253	208	196	54	202	245	24
56	60	153	206	248	208	200	55	203	250	29
56	61	148	212	245	208	199	56	203	255	26
56	61	146	211	249	211	203	57	206	250	27
61	56	143	213	255	210	209	51	202	255	26
60	62	143	216	255	212	211	55	198	252	26
60	57	149	210	255	209	207	49	202	255	27
64	57	143	204	252	212	206	50	203	254	24
59	56	138	201	255	210	209	53	202	252	29
62	54	143	203	255	216	215	58	196	252	27
59	51	146	205	250	215	217	61	191	247	25
54	50	151	201	247	221	220	62	190	253	28
48	45	156	197	252	225	220	67	194	255	23
48	50	162	193	251	227	216	64	188	255	28
53	48	160	191	246	223	218	70	192	255	28
53	52	164	196	250	227	222	65	192	255	30
52	50	159	191	244	230	221	59	198	255	32
47	52	157	195	239	231	218	61	201	255	37
43	52	160	192	233	230	221	61	204	255	33
39	47	166	188	229	228	217	57	206	255	38
38	53	170	188	226	230	218	61	212	255	39
36	53	169	185	221	225	220	65	218	251	41
33	52	170	181	222	224	216	61	220	245	37
27	55	169	182	220	228	214	66	222	246	35
33	57	172	183	221	230	216	63	219	241	39
29	59	173	188	226	235	221	60	215	238	37
25	65	172	190	225	240	216	61	209	238	32
21	65	169	191	222	245	217	59	214	242	34
23	61	173	192	217	239	220	63	209	244	38
18	63	178	193	222	233	221	62	214	247	36
21	66	179	189	218	239	219	57	214	245	31
25	61	179	194	224	236	219	51	217	244	35
23	57	180	200	219	235	219	53	222	241	36
23	62	179	196	220	230	215	47	227	240	32
22	65	174	201	215	233	216	46	226	237	29
16	64	176	204	221	238	217	45	225	235	24
22	65	176	201	223	235	217	49	231	229	22
19	67	170	198	217	230	217	52	229	227	23
16	65	167	203	214	235	213	58	235	221	20
15	69	164	206	218	229	214	53	231	222	15
14	73	170	212	224	231	218	49	231	218	13
17	69	164	209	225	226	215	53	236	213	17
21	68	163	215	231	228	213	53	239	211	14
20	66	158	217	234	227	216	55	233	215	11
24	62	159	219	230	227	220	51	238	216	7
29	63	154	216	233	221	222	52	244	212	2
31	68	153	217	229	216	225	51	248	213	4
25	72	148	213	223	214	224	46	246	213	6
19	71	144	211	224	214	226	40	241	210	11
24	76	148	214	221	215	229	39	235	204	11
26	70	143	209	220	210	224	33	235	208	14
23	74	147	208	224	212	225	37	230	206	17
20	72	150	206	219	208	230	34	229	203	20
19	77	144	203	223	205	228	37	226	204	25
18	82	149	200	220	206	225	43	221	207	20
24	87	146	197	214	204	228	38	217	210	18
22	82	152	192	209	199	234	33	217	211	12
16	82	155	187	205	198	228	31	219	214	10
20	76	160	188	211	193	230	37	217	218	9
20	80	159	193	206	196	229	36	218	223	12
21	74	163	190	202	198	225	40	219	221	8
25	68	158	195	206	196	224	35	224	227	10
29	67	153	190	210	192	220	31	219	228	10
34	62	147	188	205	197	225	25	222	230	11
33	68	143	187	207	195	229	25	228	233	7
33	64	147	191	206	198	232	30	222	237	2
34	62	152	192	206	197	233	27	227	235	0
32	58	150	186	206	191	237	25	221	229	0
32	54	149	182	212	191	235	27	224	228	6
30	58	149	178	217	191	239	27	219	233	6
35	56	152	180	216	194	245	32	221	230	5
39	53	152	184	219	196	239	36	223	234	0
43	48	148	187	216	190	235	42	226	238	1
46	45	150	189	215	193	235	36	232	236	2
52	43	145	191	221	195	234	37	237	235	0
54	44	147	188	224	196	239	37	237	233	0
48	41	146	192	224	193	238	43	241	230	0
53	45	148	191	218	199	244	46	241	226	0
54	40	154	195	215	205	240	50	239	221	0
50	39	159	192	213	199	243	44	240	223	0
55	44	155	195	217	200	238	43	237	225	0
56	46	160	190	213	201	233	45	233	230	0
51	51	165	185	218	205	234	44	238	235	0
55	51	162	184	215	207	230	40	240	239	3
60	56	163	186	218	209	231	44	243	235	1
62	53	166	182	222	213	231	47	242	236	2
60	48	162	185	216	216	235	51	241	242	7
60	47	159	183	219	212	236	50	246	245	4
58	49	155	179	213	213	239	52	252	245	0
63	49	159	183	209	207	236	49	255	242	0
59	45	159	184	212	201	235	44	255	245	0
53	50	158	188	211	202	238	42	255	246	0
56	48	161	188	216	200	237	47	252	249	2
55	43	161	184	218	194	237	46	248	245	0
56	39	161	190	222	195	238	51	245	243	0
62	37	165	185	221	190	240	50	250	243	5
68	40	170	179	224	184	235	51	254	241	2
73	39	174	176	221	184	241	48	248	244	2
73	33	177	177	221	187	235	53	244	248	8
76	38	179	183	219	188	241	55	249	245	4
70	42	179	187	214	186	242	58	246	249	6
67	43	176	189	215	186	240	59	240	244	7
66	38	182	187	214	184	243	53	242	243	11
69	34	179	185	211	184	249	52	243	244	12
70	37	183	187	209	180	246	54	241	245	12
74	35	185	185	212	185	241	56	239	239	11
80	37	191	191	208	183	242	58	244	244	13
76	32	193	196	203	187	246	57	239	244	12
74	28	199	193	198	185	243	54	235	245	13
80	34	204	195	195	180	247	51	232	248	19
82	28	205	201	189	178	245	50	230	247	19
84	34	209	198	183	182	250	53	236	247	17
81	30	206	197	182	186	249	57	239	246	19
78	33	205	196	181	192	252	55	236	241	23
72	34	202	195	179	195	255	54	237	243	27
67	40	198	201	178	199	255	53	239	240	33
72	38	202	195	175	198	255	54	241	241	37
72	44	207	190	171	195	255	52	235	239	32
67	40	202	190	169	194	255	47	237	241	30
67	42	199	185	172	192	255	47	238	246	31
65	44	195	191	168	195	255	47	244	243	33
71	41	197	191	168	201	249	53	248	243	35
75	35	196	196	169	204	244	56	242	249	32
81	38	195	190	163	207	239	55	248	254	38
86	43	201	195	163	209	237	49	253	255	42
85	38	197	197	164	213	239	53	253	255	38
91	35	194	198	166	217	242	53	255	255	35
95	34	194	197	163	223	246	57	251	252	35
89	28	194	191	157	220	251	56	250	253	29
94	25	189	197	160	224	246	50	255	255	27
95	24	192	193	166	227	248	45	249	252	22
96	24	193	190	164	233	250	45	247	255	27
95	22	189	195	163	228	246	39	244	250	33
97	19	191	195	159	234	241	40	247	248	28
99	22	194	196	161	231	244	44	242	251	23
94	18	191	197	165	233	243	46	248	249	21
99	24	194	201	171	227	244	52	248	254	17
94	18	198	203	167	221	242	52	242	255	13
94	23	195	201	167	225	242	55	240	253	14
93	27	191	197	170	229	236	55	238	249	9
93	31	192	198	167	224	234	53	243	247	12
97	27	188	204	169	219	230	55	248	243	9
102	30	194	208	173	224	228	56	253	241	9
100	25	193	208	172	227	222	59	251	243	4
99	25	190	208	167	221	227	63	253	248	0
93	29	186	205	168	226	221	62	252	248	0
98	32	186	205	173	230	225	56	255	251	4
99	30	190	208	169	232	222	61	254	254	6
105	32	195	204	164	237	228	64	255	251	8
106	28	199	209	159	237	223	58	255	247	11
107	25	198	206	161	234	227	54	255	241	5
112	22	200	209	160	236	231	48	250	246	11
112	22	194	209	157	236	234	44	251	243	5
108	24	189	210	161	233	235	44	255	240	8
102	18	194	215	163	231	234	47	253	245	6
106	16	194	213	167	235	229	52	251	249	4
109	17	189	218	164	238	235	51	246	255	10
109	14	192	212	166	236	238	54	246	255	5
103	16	189	217	169	236	244	52	242	250	0
101	19	191	218	175	235	244	58	241	251	5
107	13	186	218	172	241	246	60	238	253	2
107	12	187	215	171	243	247	56	232	250	0
105	6	183	217	177	242	244	59	234	248	3
101	11	179	219	174	245	245	54	237	244	3
98	12	173	224	168	242	239	56	236	239	1
93	6	179	227	173	241	243	60	240	240	0
95	5	183	225	176	236	238	61	245	237	0
97	7	189	230	178	241	239	57	247	239	6
102	3	195	228	182	240	241	56	246	234	5
104	0	189	224	181	236	242	57	243	233	8
109	2	184	219	187	233	246	59	246	233	12
111	5	182	224	185	237	242	54	245	233	11
108	0	186	224	181	242	242	49	246	232	8
114	2	191	222	178	246	247	46	250	234	10
111	0	197	219	173	241	247	49	255	230	7
107	0	195	214	177	243	244	55	255	230	13
106	0	190	208	178	239	238	61	253	229	15
112	1	185	214	174	240	235	66	255	233	12
108	0	188	217	172	237	229	72	252	235	10
108	1	184	216	169	238	235	75	249	230	13
102	2	181	216	166	235	237	71	245	225	9
103	0	185	217	168	231	236	67	240	222	14
107	0	190	223	168	235	239	67	243	218	17
106	0	185	223	163	231	238	70	241	212	23
100	0	187	229	168	233	244	68	237	215	29
104	0	181	231	169	231	241	71	241	210	29
103	6	175	237	172	236	235	76	239	208	28
107	8	178	235	172	232	233	81	236	205	25
101	5	178	232	170	226	230	76	238	206	27
96	10	175	232	164	224	230	79	239	203	24
99	10	171	235	165	220	228	83	242	200	24
98	14	176	237	171	219	231	85	240	205	26
104	10	177	236	167	225	235	90	238	211	20
108	13	171	239	172	225	237	93	235	207	18
104	14	169	237	171	219	237	96	237	208	13
110	9	171	242	165	218	233	99	235	211	8
108	7	170	242	161	212	229	103	235	214	6
105	2	171	240	164	215	227	107	240	211	0
103	0	175	239	158	215	223	109	246	205	0
101	0	169	237	155	214	222	112	245	209	6
107	3	169	234	157	210	226	114	244	209	4
108	3	163	232	162	212	221	120	238	209	9
110	4	167	234	162	214	220	116	237	213	12
107	9	163	236	166	213	225	114	241	211	10
104	11	157	235	160	207	229	117	246	213	11
98	13	156	236	155	212	232	119	249	213	10
101	19	153	232	153	214	238	114	248	219	10
107	23	148	229	155	217	238	108	248	219	11
109	27	153	225	156	223	236	113	254	218	7
105	30	159	220	161	220	239	116	249	220	11
102	35	156	218	164	215	236	112	246	215	14
99	36	156	222	165	209	232	108	247	213	13
100	42	155	225	160	203	232	104	243	218	8
106	47	153	221	164	197	231	103	246	222	13
109	47	148	220	162	199	237	99	246	217	9
115	41	144	219	158	203	241	98	241	222	5
110	46	138	218	162	198	242	98	245	217	6
114	51	134	212	161	195	242	100	250	223	10
113	48	129	212	167	195	245	96	248	226	13
111	49	126	217	161	194	244	98	243	222	19
110	52	129	217	167	199	239	94	240	218	18
104	46	126	222	170	201	244	90	240	221	23
110	51	129	227	172	201	240	87	244	220	20
114	45	133	221	172	206	241	87	249	221	19
110	48	139	215	171	200	246	89	243	227	16
115	52	138	220	174	198	249	90	246	229	13
117	52	136	223	171	200	244	94	247	230	11
114	48	142	224	170	198	240	94	249	232	15
112	49	146	221	164	202	241	94	245	235	12
113	52	150	219	168	203	242	88	245	235	7
116	47	150	222	174	197	237	86	243	231	13
122	41	145	218	179	191	232	81	238	230	7
118	47	142	221	175	186	234	77	239	230	12
124	48	146	223	173	188	232	77	239	236	12
120	44	148	219	167	185	238	72	244	242	12
121	39	152	217	162	180	241	71	247	244	18
118	39	156	212	157	185	238	68	249	249	13
120	37	162	217	155	179	239	65	246	252	18
116	39	162	215	149	173	245	60	243	255	23
116	37	160	213	146	176	239	62	248	251	22
113	37	161	219	150	173	236	58	251	246	24
117	32	162	214	148	169	241	63	255	251	25
120	26	159	217	143	168	237	62	253	252	21
116	24	161	219	137	168	238	61	255	252	24
116	26	166	218	142	167	239	65	255	253	26
114	31	168	218	146	171	234	59	252	248	21
112	37	174	218	148	171	236	62	246	242	16
111	33	175	224	153	173	231	64	243	247	13
117	29	171	229	157	176	225	62	248	250	16
115	25	171	226	151	174	227	60	244	248	16
115	27	170	228	146	171	224	58	250	251	16
118	23	164	229	142	176	229	57	247	253	15
121	28	160	225	141	178	230	61	249	255	16
124	23	166	222	145	182	233	62	253	254	16
127	28	168	218	143	188	235	67	250	255	22
126	33	162	222	149	194	232	65	255	250	26
131	28	157	220	153	189	230	66	255	254	31
137	26	158	214	154	189	224	68	255	251	36
133	26	157	208	155	186	228	73	255	255	39
131	32	155	209	152	180	223	77	255	255	42
126	26	157	213	157	186	218	80	251	249	44
129	21	151	214	154	188	216	86	248	250	38
133	19	153	208	150	185	211	81	242	254	35
132	23	155	210	155	188	214	87	243	255	38
135	19	151	214	149	183	215	89	240	253	44
140	16	147	214	146	181	217	86	242	251	44
135	12	150	210	148	187	212	85	244	250	42
140	12	148	211	153	184	209	87	245	249	42
146	11	150	205	153	188	212	92	246	255	40
144	17	156	199	148	194	210	93	240	255	39
147	17	156	200	150	200	214	87	240	255	34
149	14	158	199	156	203	219	88	243	249	30
148	17	152	200	162	197	217	87	249	255	24
152	15	157	198	168	197	212	84	244	250	24
158	10	151	195	166	195	213	84	249	254	28
159	15	157	195	164	195	215	87	254	254	32
158	16	152	191	166	200	220	82	252	255	32
157	12	147	193	169	195	215	83	248	251	37
158	15	141	199	173	199	209	83	245	255	34
158	14	144	195	176	200	207	80	246	255	36
163	17	150	196	177	198	211	78	245	255	35
163	22	154	201	183	202	216	79	249	250	34
158	23	148	207	181	199	212	76	250	255	40
156	21	146	204	186	194	210	75	255	255	43
157	22	144	198	191	195	211	81	255	250	46
161	17	149	198	191	197	215	80	250	248	44
167	19	151	199	188	194	209	77	244	242	43
162	25	146	196	191	193	213	80	241	236	41
159	27	141	195	197	199	215	77	247	242	35
153	23	138	199	191	196	210	72	252	246	30
150	19	142	201	187	190	208	76	253	244	30
152	18	146	202	187	196	208	78	253	245	36
148	19	146	205	192	200	213	82	249	243	42
146	18	147	200	187	202	212	76	252	244	38
146	24	152	196	193	206	211	72	255	238	33
145	30	150	202	195	207	209	66	255	241	34
139	34	148	203	190	213	204	68	255	240	34
139	31	153	202	187	207	201	63	255	238	35
143	25	150	207	184	201	202	68	252	244	35
145	19	155	201	179	200	197	64	255	246	41
141	16	159	205	180	196	194	65	253	249	44
143	20	163	200	179	195	197	60	253	252	43
140	22	168	204	181	189	198	58	248	255	49
136	28	169	208	176	191	194	58	252	254	48
134	30	167	202	180	197	200	54	255	251	46
133	26	169	202	180	196	201	59	255	246	45
133	26	172	199	178	202	197	58	255	242	51
137	21	170	196	177	202	192	55	255	239	53
132	21	170	198	180	204	190	51	255	242	59
134	16	165	199	181	208	190	52	250	242	59
134	22	160	203	179	205	188	54	247	248	56
130	20	158	202	185	205	189	59	253	244	51
124	23	157	201	189	208	188	55	255	250	53
122	27	163	198	192	212	191	55	255	255	52
125	30	161	201	193	214	190	58	255	255	50
126	25	157	201	198	215	189	62	255	255	45
129	27	160	201	199	210	184	66	255	249	43
134	26	156	203	202	215	178	61	255	254	47
137	23	155	207	205	220	178	61	251	255	45
139	24	156	209	199	218	176	62	254	255	47
141	26	162	209	201	217	172	60	255	255	47
137	31	160	210	202	220	167	63	255	255	50
135	25	164	214	198	215	166	62	255	252	54
135	26	163	211	203	216	161	61	255	252	55
133	21	167	212	201	218	164	63	249	254	58
139	27	170	217	201	216	167	67	250	255	62
143	21	176	212	206	214	164	72	255	255	58
149	27	180	210	205	213	159	78	253	254	55
144	22	182	205	211	214	162	82	255	249	57
148	19	187	209	217	220	164	76	255	254	59
151	18	188	211	220	220	160	75	255	248	54
146	19	188	211	222	214	164	73	254	246	53
146	25	194	206	221	211	168	74	255	241	57
144	31	197	200	220	206	171	70	253	246	52
147	27	197	204	221	209	171	67	255	244	47
142	22	201	206	227	209	177	63	255	249	50
141	26	200	205	221	215	178	58	252	247	50
143	23	203	209	221	211	181	62	246	248	47
146	17	203	204	218	210	183	67	247	248	51
143	23	209	204	213	215	183	64	243	252	51
140	20	209	201	211	211	188	59	239	246	53
144	25	214	197	211	211	194	59	242	241	51
149	27	219	200	214	210	197	63	247	237	56
146	25	213	203	220	210	191	61	243	236	52
148	27	214	206	216	213	188	61	239	234	51
154	28	217	210	210	214	188	55	237	234	49
159	31	216	206	212	213	189	57	240	230	53
161	30	217	201	207	216	192	62	240	231	53
166	34	221	198	210	217	188	61	241	230	57
166	31	219	199	213	213	184	57	246	226	53
172	34	222	203	211	214	181	52	247	229	52
177	31	218	197	209	216	186	52	243	233	50
172	32	218	197	211	215	186	49	245	233	48
173	30	220	202	216	210	186	50	241	232	49
178	34	220	196	216	209	188	50	242	230	55
174	33	217	194	214	208	187	47	247	233	57
173	31	223	200	213	213	190	47	245	237	55
169	37	229	205	213	213	185	49	244	239	54
171	39	230	205	212	211	189	51	240	239	52
174	36	231	211	214	208	183	52	237	237	50
172	35	225	212	212	211	187	54	232	239	46
166	41	230	209	218	207	182	48	235	239	48
165	46	233	215	214	206	183	51	234	236	48
167	41	231	218	211	207	177	47	229	234	42
170	37	232	218	209	206	175	52	227	237	36
176	39	227	222	205	209	169	50	222	236	42
172	35	232	221	208	212	174	45	218	232	40
168	41	237	218	214	209	172	42	223	237	43
170	41	233	222	213	215	175	46	228	238	42
172	40	227	227	214	209	180	51	222	234	44
168	35	229	221	220	212	182	56	222	231	44
165	35	234	216	216	209	180	50	227	226	42
166	39	237	220	218	212	181	44	230	225	47
163	41	242	221	219	218	180	46	231	222	51
168	47	237	223	219	223	180	41	228	225	55
168	51	234	223	225	223	183	39	225	227	54
174	54	231	222	226	220	189	43	228	224	55
174	59	225	218	224	219	189	37	227	225	49
179	55	226	222	226	222	188	42	223	225	50
185	51	230	226	224	228	192	47	217	227	45
189	46	236	231	224	226	194	52	214	222	47
188	49	237	230	224	224	189	47	216	221	51
189	45	233	228	224	227	190	46	213	217	49
192	45	231	232	230	224	191	43	213	219	43
198	46	234	234	231	228	186	47	212	219	43
194	41	228	229	233	231	187	48	211	224	44
193	47	224	230	227	227	192	54	212	219	39
187	52	225	230	228	231	186	53	211	214	36
193	49	225	229	225	236	190	50	215	215	34
194	49	226	223	221	239	188	44	217	209	31
200	54	227	221	227	237	186	48	218	203	26
203	52	224	216	228	232	183	49	216	197	25
206	48	225	211	222	230	187	52	219	198	21
202	43	230	206	227	225	192	47	225	204	18
199	38	225	200	228	230	192	50	219	202	22
201	40	224	198	233	230	190	44	214	204	27
201	45	230	198	234	224	194	45	220	206	31
207	42	228	196	238	218	195	40	219	206	28
207	44	234	197	241	219	200	38	220	207	25
204	39	232	200	241	223	199	38	222	212	31
202	45	234	199	242	225	204	42	226	210	28
202	42	231	195	240	222	203	37	229	213	30
200	41	230	195	238	216	197	31	234	207	28
195	43	227	196	240	222	195	33	229	202	26
199	47	227	199	245	225	193	39	227	208	22
203	48	226	200	251	230	195	41	224	204	17
202	54	225	198	255	227	200	46	220	207	22
207	52	229	203	254	226	204	46	225	206	21
202	51	230	205	254	222	208	48	228	202	16
196	51	232	208	253	221	214	49	224	207	14
195	52	238	213	254	223	215	45	225	206	20
200	52	242	211	254	228	212	50	226	200	26
196	49	245	216	250	230	213	47	224	206	23
190	45	243	222	246	224	216	45	227	212	17
191	49	245	219	249	219	218	47	223	209	23
197	52	249	214	245	216	219	47	222	211	20
195	47	251	220	241	213	218	46	216	208	25
191	41	250	224	238	217	220	50	216	204	25
188	36	245	228	242	217	224	52	212	201	24
188	42	243	229	243	216	225	47	214	204	25