SINAL	ATTEN	MED	H.A	L.A	H.B	L.B	M.G	L.G	THE	DEL
43	120	190	210	144	90	43	156	74	45	239
47	117	189	212	145	96	41	159	70	45	238
48	116	192	212	151	100	36	162	69	46	242
54	111	196	218	154	96	34	168	70	47	243
58	112	193	212	156	98	32	171	65	44	246
62	106	189	209	160	97	34	166	70	47	250
67	100	183	208	160	94	30	166	72	46	248
72	98	180	207	156	95	29	164	73	50	250
66	103	183	206	152	95	28	166	71	53	252
66	105	185	204	146	94	33	169	69	57	255
61	108	186	206	143	92	28	170	75	59	252
60	103	189	203	143	91	28	165	75	53	248
64	106	193	197	148	91	29	164	69	53	250
59	107	198	201	149	88	31	162	64	59	250
53	109	200	207	147	93	31	167	67	55	247
47	104	205	203	141	96	34	161	64	51	250
51	106	200	198	144	102	28	164	66	56	245
48	102	195	195	143	105	31	164	66	62	248
46	97	197	192	148	101	32	163	71	59	250
49	99	203	191	153	99	38	166	71	53	251
53	97	203	192	151	102	42	162	76	48	254
50	100	198	195	156	105	39	166	72	49	255
46	96	195	196	154	103	40	172	72	52	254
50	102	200	198	157	102	37	177	73	50	255
53	98	205	203	154	108	33	183	79	56	253
58	93	205	199	153	110	28	177	80	62	255
52	98	201	200	159	113	32	173	79	59	250
51	92	197	196	165	109	30	170	81	62	255
57	96	191	198	162	113	29	167	78	66	255
52	93	196	193	165	116	28	162	74	64	255
57	97	194	192	171	117	31	167	68	64	255
60	91	197	197	174	114	35	164	73	62	250
58	92	198	192	173	114	35	160	76	58	255
61	94	201	193	172	120	32	166	77	53	255
59	88	206	195	169	117	36	165	82	52	255
57	93	200	199	171	121	39	168	80	58	251
51	87	198	197	168	123	34	163	76	64	247
47	90	198	191	169	129	36	163	76	58	241
51	91	202	188	165	127	39	166	78	64	240
53	88	206	182	169	123	36	170	81	66	242
57	93	202	187	169	127	36	176	80	64	247
58	92	202	190	170	123	31	176	76	66	253
59	90	204	190	174	117	37	173	81	72	253
61	90	199	188	171	123	35	172	77	78	250
59	93	202	194	170	119	33	178	79	73	249
60	95	203	196	168	119	39	173	82	69	250
61	94	203	193	174	114	39	170	82	70	252
57	90	209	199	179	117	36	168	82	76	246
55	94	207	197	177	111	34	168	79	76	252
57	97	202	201	181	116	32	164	79	72	248
55	94	196	207	180	111	33	162	77	68	243
61	94	190	205	183	117	35	159	72	68	237
55	88	191	211	178	113	39	155	77	74	235
51	85	186	217	178	112	45	158	77	73	238
56	84	185	216	183	116	45	155	80	73	235
54	82	181	217	185	121	46	157	84	71	235
58	78	175	217	186	122	43	159	86	65	230
59	79	172	216	186	120	45	156	81	64	228
58	84	175	215	182	123	44	150	80	64	226
63	81	171	210	182	118	39	146	81	68	226
64	83	174	207	179	114	44	151	78	65	231
67	87	173	203	182	120	50	156	83	59	226
66	87	177	197	181	119	50	151	85	56	226
71	92	179	199	182	116	54	155	84	61	221
70	89	183	199	180	119	58	150	84	62	215
71	91	182	198	175	125	58	148	89	56	210
66	86	188	198	180	131	64	143	90	58	214
71	85	183	196	184	129	67	149	84	63	213
72	91	178	198	190	129	66	147	81	66	213
69	91	184	198	189	130	68	142	86	66	219
74	93	190	195	191	127	73	140	86	72	217
80	97	192	200	196	129	75	134	92	69	219
83	98	196	195	197	125	78	131	97	66	223
78	93	197	200	195	128	74	133	95	60	225
79	94	194	199	197	134	71	128	95	62	219
74	93	190	204	192	134	70	125	97	66	219
76	98	186	201	197	133	75	125	96	65	221
70	96	190	196	193	137	75	124	102	70	221
64	97	188	198	194	141	70	129	103	75	220
65	101	192	201	199	147	71	129	102	69	220
66	95	194	201	200	145	67	124	103	68	216
63	101	190	196	206	150	70	128	100	68	221
66	99	192	192	206	151	65	134	94	68	220
69	104	195	193	211	156	65	135	95	71	220
70	109	193	193	216	162	59	138	97	66	217
70	104	190	188	215	159	57	142	99	63	219
71	99	192	188	218	162	55	147	94	58	214
65	97	196	190	216	156	51	151	93	58	217
65	100	196	187	219	161	49	149	93	61	214
66	102	195	192	217	157	44	144	89	61	220
64	103	195	195	215	161	49	141	91	63	216
65	100	190	195	219	155	46	142	92	65	211
66	106	190	200	220	161	45	145	94	71	210
63	110	194	203	221	165	49	148	96	73	209
59	116	193	202	225	169	53	143	96	77	206
58	119	198	207	223	170	58	142	93	80	204
53	118	202	207	223	169	52	141	89	76	208
58	117	208	213	224	171	46	138	92	78	214
60	121	209	218	221	172	48	134	93	77	216
58	118	211	222	219	175	47	132	93	81	221
58	122	213	217	219	170	50	136	95	75	222
55	128	212	213	224	169	56	141	89	80	220
58	134	215	217	229	165	54	138	93	86	219
54	140	220	221	225	166	50	133	97	86	222
55	144	214	225	226	172	56	135	95	82	226
57	139	210	227	223	176	52	136	92	78	224
52	139	216	221	221	180	46	136	95	81	226
55	137	215	227	220	186	50	133	98	78	226
59	139	212	223	226	180	52	135	100	79	223
58	136	211	227	229	177	53	132	105	82	229
63	138	211	228	235	172	49	134	107	85	233
64	142	210	226	237	176	47	137	104	85	229
62	137	211	220	240	172	46	139	100	84	226
64	132	214	217	235	171	50	141	98	90	223
64	133	211	221	236	167	49	141	92	89	221
69	130	214	219	238	163	50	140	95	84	220
72	127	218	215	237	168	56	138	91	89	220
68	122	215	217	235	168	59	144	92	94	221
70	126	221	214	239	164	64	148	88	100	218
67	132	227	215	243	161	67	147	91	105	220
66	136	231	219	248	157	67	142	88	110	216
63	137	228	219	254	162	64	136	86	111	212
66	131	225	216	249	163	65	132	91	113	212
63	131	226	217	245	167	68	138	93	116	209
69	125	224	218	250	162	66	139	94	113	207
73	131	218	215	255	162	66	140	97	117	205
74	134	217	220	250	166	63	142	102	120	201
77	134	216	217	255	169	65	138	105	126	206
71	139	213	221	251	174	62	135	107	130	207
68	136	215	219	245	176	63	131	110	124	209
64	131	215	219	251	178	60	136	113	127	214
67	136	211	219	254	183	66	137	114	122	211
62	140	216	223	255	182	66	134	114	117	210
57	146	220	224	255	187	61	138	108	123	206
59	142	217	220	255	183	66	135	114	125	211
60	145	219	219	255	180	65	133	113	125	205
66	144	217	219	255	180	62	128	114	119	203
69	144	219	214	255	174	65	131	115	117	200
65	140	219	213	252	170	67	135	115	115	194
61	144	218	218	252	169	69	132	111	116	200
55	142	223	220	251	173	64	126	112	111	197
60	139	219	216	252	170	65	128	113	112	203
62	138	214	213	249	166	63	127	107	116	208
62	136	220	212	245	169	57	125	106	112	205
58	142	221	214	239	163	63	122	112	111	207
57	141	217	209	235	159	61	120	111	115	207
59	147	217	212	231	160	63	120	107	121	209
57	143	217	217	230	164	69	121	106	118	210
59	143	223	212	227	169	64	124	110	120	216
56	149	218	208	231	167	65	121	109	114	213
57	143	221	203	227	163	69	124	107	118	217
56	138	223	197	231	158	73	128	102	117	215
54	134	222	198	229	164	76	123	105	115	215
53	135	218	195	229	159	70	122	102	117	213
55	132	222	200	233	161	72	118	98	121	219
59	132	217	201	239	162	75	114	99	121	220
55	127	213	200	244	159	70	119	96	121	223
54	133	218	195	242	156	67	118	90	118	224
49	131	224	200	237	158	70	118	88	119	224
44	128	224	200	232	155	73	116	84	119	228
38	129	224	205	233	155	70	119	85	118	232
36	127	229	204	233	160	65	121	84	118	231
36	123	228	202	231	164	71	123	79	122	229
39	125	226	201	228	169	69	122	73	121	223
41	123	229	205	234	164	64	118	79	120	217
35	117	233	200	230	170	60	121	85	118	213
32	120	237	203	230	168	56	118	85	119	217
33	114	231	202	226	166	61	124	82	114	219
36	111	226	207	223	161	62	129	80	116	225
30	112	224	202	222	157	67	132	86	119	228
32	115	226	199	228	158	64	130	91	119	234
32	111	231	203	230	161	59	135	97	118	232
34	107	225	209	235	163	62	131	95	114	234
34	101	219	211	232	167	67	130	90	108	230
38	99	218	206	230	161	64	135	87	110	236
41	96	218	209	228	157	61	135	84	106	240
35	94	213	215	229	153	67	129	84	103	243
31	88	217	217	227	159	64	125	90	101	238
26	91	212	220	230	157	59	120	90	98	244
31	97	215	218	231	159	63	121	89	99	243
33	102	218	218	228	162	68	120	93	102	246
39	100	219	212	226	156	63	122	90	100	247
44	101	215	208	228	162	67	122	84	96	241
48	105	209	211	224	168	73	118	88	91	246
53	108	213	209	222	168	78	117	88	85	246
53	112	213	203	216	169	74	120	87	80	250
59	111	216	202	210	170	72	121	88	74	247
65	113	214	206	211	167	69	126	83	73	249
62	115	209	207	209	166	67	123	88	68	247
60	116	204	211	208	163	66	119	92	70	241
56	115	202	213	202	161	71	121	91	76	240
62	120	196	211	206	162	72	117	97	72	236
66	116	202	211	211	162	68	122	99	75	231
67	121	208	208	207	167	66	117	99	71	234
68	115	204	204	212	168	72	120	101	72	237
65	110	207	198	209	170	74	122	105	67	242
63	114	202	195	206	164	69	119	104	63	240
57	109	201	191	202	159	72	123	98	66	236
62	106	203	195	206	162	77	118	102	63	237
61	111	198	196	206	157	75	113	104	61	239
62	107	204	195	206	152	79	107	102	65	245
57	108	205	198	209	158	77	112	107	66	241
58	106	199	198	213	160	72	111	110	63	236
56	112	197	192	210	166	67	116	115	58	233
60	115	198	198	206	164	73	119	111	56	231
59	111	201	201	205	162	77	121	112	61	232
62	105	203	200	202	166	80	116	116	65	229
63	106	199	194	206	168	83	114	111	64	235
62	101	201	193	208	174	80	108	111	68	230
61	98	206	199	211	172	78	112	113	72	229
66	102	210	201	214	166	83	116	119	70	223
65	98	216	196	212	170	79	114	121	71	225
69	103	211	193	208	168	83	120	118	71	226
67	109	211	196	210	172	86	115	115	72	224
73	114	210	191	207	173	89	109	119	74	219
77	120	205	191	212	171	92	111	115	79	218
82	118	204	192	206	166	98	106	113	81	221
79	119	204	197	208	161	100	107	114	76	225
81	121	208	200	203	155	105	110	120	76	220
84	120	213	198	201	159	105	114	117	70	215
85	125	218	193	206	157	104	112	120	67	213
86	126	221	198	210	161	102	117	115	72	214
84	128	224	199	212	167	100	122	116	72	210
85	126	221	199	216	162	106	127	115	68	207
79	127	217	194	214	161	111	130	117	70	212
82	122	213	197	208	160	108	124	117	68	216
81	126	211	202	204	161	107	125	114	65	219
77	128	217	201	199	156	102	129	117	68	217
75	127	213	197	197	152	96	123	111	72	215
72	130	212	195	193	150	102	128	107	78	211
67	129	217	198	196	150	107	129	106	77	209
68	125	211	199	195	146	103	123	112	73	204
64	119	208	203	195	152	97	123	109	72	198
65	122	210	207	197	147	103	126	103	66	203
69	128	210	212	194	141	101	126	98	71	198
71	130	209	215	197	135	105	132	101	66	196
75	125	211	221	191	138	102	128	99	69	194
78	126	207	226	192	143	104	126	94	74	200
72	121	201	227	197	144	104	130	89	79	206
70	118	195	233	198	146	110	126	86	84	208
65	114	197	237	199	149	115	125	90	88	203
70	112	202	241	197	145	114	126	85	85	205
75	110	200	239	199	142	112	130	86	83	207
77	107	204	235	194	137	108	130	92	84	211
76	111	198	237	195	136	105	125	92	82	213
76	112	202	241	192	141	108	126	91	82	212
74	113	205	247	186	135	104	122	86	87	210
77	115	199	253	187	138	109	123	89	90	215
72	117	203	255	189	134	103	120	83	86	216
67	112	204	255	189	132	99	118	79	91	220
71	106	208	255	191	132	99	124	77	88	217
75	104	206	255	192	127	99	127	81	90	217
71	102	208	249	190	132	104	129	75	90	218
67	102	208	252	196	126	103	129	81	90	212
61	102	207	246	190	128	97	135	77	94	218
59	104	204	248	184	127	96	137	83	92	224
58	107	205	246	180	126	95	138	79	86	225
56	103	199	250	176	123	95	142	85	82	220
51	105	201	248	177	123	97	141	79	87	214
48	110	202	252	172	121	99	145	80	88	209
53	112	205	255	176	118	95	140	85	90	215
57	115	207	250	180	124	93	146	87	93	220
54	119	211	255	177	127	96	147	90	94	218
52	124	215	251	182	121	92	153	90	95	214
50	126	216	251	182	126	88	154	95	93	213
44	122	211	251	180	124	90	157	101	92	210
44	126	214	249	185	121	88	160	107	90	214
41	128	216	244	182	126	86	165	105	84	211
44	132	211	250	176	128	81	162	99	88	213
43	136	207	251	175	132	85	160	103	89	209
37	131	211	255	172	131	81	164	105	89	207
36	128	207	252	171	133	81	160	100	89	202
41	126	208	253	169	138	85	156	95	85	200
35	124	202	252	167	134	84	150	99	79	197
30	124	201	254	172	136	86	151	96	78	196
31	127	205	255	169	137	91	154	91	75	196
34	133	205	255	166	143	94	151	93	76	201
33	138	201	255	170	142	94	157	98	79	204
33	134	199	252	175	142	99	160	97	78	209
38	137	205	255	172	143	104	155	98	80	210
33	140	203	249	171	137	110	149	94	79	212
36	141	198	252	171	143	113	148	99	81	208
32	142	197	247	165	145	111	150	101	80	207
28	147	194	246	166	142	109	148	101	85	207
27	143	192	247	165	148	103	153	107	79	202
24	139	188	251	166	144	109	158	107	76	198
27	140	188	249	161	144	109	162	110	75	204
29	144	183	250	158	149	109	165	114	77	203
33	143	185	253	159	154	112	163	109	79	205
27	143	187	254	163	148	107	169	110	85	209
26	145	192	252	164	151	112	172	115	87	208
26	141	188	251	167	146	112	169	112	85	209
23	145	192	245	166	142	108	164	111	79	206
26	149	198	249	168	139	103	170	110	81	202
32	155	200	251	167	139	100	175	108	79	205
26	150	200	246	170	133	104	171	109	78	211
28	155	197	243	174	130	100	168	113	76	215
22	151	191	244	178	128	96	166	111	81	217
22	156	189	246	174	134	91	168	107	85	222
16	156	191	246	172	134	95	166	109	81	221
20	151	196	240	166	128	89	166	109	86	216
22	153	198	237	165	125	90	168	113	91	211
19	156	193	241	162	125	91	174	118	88	212
15	156	195	244	158	119	85	175	112	85	211
15	156	201	242	157	121	91	175	106	89	207
16	157	205	242	162	115	86	176	106	87	208
17	154	208	242	168	119	80	175	112	88	203
11	160	210	242	163	116	78	179	106	93	200
17	162	210	242	169	119	82	175	100	93	196
15	163	211	244	174	122	80	174	103	87	202
20	163	210	241	177	116	81	174	98	91	208
22	160	214	247	180	114	79	174	94	92	208
24	158	215	245	181	108	82	173	96	88	207
27	154	214	246	187	112	76	172	93	89	202
33	154	211	250	190	106	78	167	97	84	199
34	153	208	249	194	102	74	165	95	79	200
34	157	212	252	197	100	74	166	98	76	205
40	156	216	255	194	100	72	162	102	82	199
45	157	214	255	198	100	72	160	106	88	199
48	160	218	255	196	94	76	157	104	82	203
51	159	223	249	200	91	79	153	98	81	205
49	153	224	253	206	92	84	159	103	86	205
48	157	228	255	208	87	80	162	106	86	207
49	151	227	255	204	88	82	168	108	84	208
50	147	226	250	209	91	80	168	110	82	203
46	149	222	244	207	89	82	174	112	83	208
48	149	223	241	201	93	77	172	113	81	212
42	151	221	247	204	95	80	176	114	86	212
47	152	225	249	205	94	86	179	119	83	212
43	158	231	245	201	99	86	173	121	84	209
46	156	227	247	200	102	80	173	126	81	203
50	158	233	252	197	108	77	167	125	76	204
49	157	228	249	199	110	76	168	130	73	208
50	162	226	248	197	109	74	165	124	72	208
46	161	222	248	203	113	73	161	122	75	214
52	155	224	254	207	111	67	163	120	70	215
52	154	220	255	212	110	65	162	119	70	210
46	152	219	252	217	109	63	164	121	69	215
42	156	214	253	216	105	65	167	123	75	215
45	156	219	249	222	99	69	167	123	70	219
42	154	224	244	221	100	73	165	127	69	220
40	153	229	243	215	105	75	168	122	65	215
46	158	226	241	217	108	69	167	125	68	219
45	153	231	246	220	108	74	172	131	67	221
45	151	236	247	217	108	72	173	125	64	217
48	147	240	245	222	107	78	176	130	70	211
42	151	236	247	219	104	81	178	136	69	213
47	151	241	249	219	108	75	177	131	74	212
49	152	237	251	214	114	78	174	132	74	216
47	156	231	255	214	109	82	170	127	71	213
53	162	225	255	210	114	85	167	130	65	215
59	161	226	255	205	112	79	168	136	66	210
53	163	230	255	199	116	78	164	139	62	216
57	159	224	255	202	116	79	162	140	58	214
52	156	230	252	199	110	85	166	141	60	212
51	161	234	250	203	112	83	166	141	54	212
46	157	233	244	209	116	81	160	147	58	212
42	163	229	240	208	115	79	164	145	53	217
45	169	234	236	204	121	73	169	151	48	220
46	170	232	238	208	120	74	163	156	51	225
50	171	235	234	203	123	76	168	159	45	219
45	174	231	229	204	124	74	165	159	50	220
42	171	236	227	201	119	72	166	164	55	226
40	172	234	230	199	113	76	169	165	53	223
42	166	236	235	202	112	79	174	165	52	226
39	161	231	235	204	114	78	170	169	57	223
37	166	229	234	201	114	76	167	168	57	224
32	170	225	237	207	120	73	167	166	51	228
35	176	229	235	212	120	77	161	171	45	230
29	179	227	235	214	114	83	165	176	44	231
34	176	222	240	215	115	87	168	174	45	227
36	180	217	235	212	120	83	167	173	42	228
41	177	220	237	209	118	81	165	169	46	234
40	173	224	235	214	115	84	170	163	50	240
36	168	219	240	215	118	89	168	166	53	242
36	166	214	239	212	118	83	169	161	50	239
35	167	218	237	216	122	87	171	155	52	240
32	170	220	243	214	125	86	175	154	58	238
30	171	225	243	208	130	89	177	159	57	233
36	172	229	242	202	126	83	175	160	59	234
30	176	227	240	199	126	78	177	163	53	239
30	171	231	240	193	124	82	183	160	58	242
30	170	236	244	189	127	76	183	154	54	246
33	173	236	250	188	124	77	188	160	50	246
32	179	239	248	188	129	80	188	165	53	241
28	174	238	242	184	130	75	187	160	59	244
27	169	235	247	189	126	72	185	158	54	241
31	166	229	253	183	124	72	188	160	48	236
26	161	234	255	181	121	72	185	160	54	235
31	161	237	255	181	126	71	186	163	48	229
34	155	240	255	185	131	74	184	169	44	232
30	159	242	255	188	135	78	180	172	50	229
25	162	242	254	188	136	72	174	168	50	233
23	164	248	254	183	134	73	175	169	55	238
17	167	244	252	178	137	68	174	166	59	238
19	170	240	247	184	142	68	168	171	56	233
22	167	239	251	189	136	69	164	171	57	236
25	162	243	245	183	142	65	163	165	51	232
19	165	245	251	179	144	60	158	166	47	235
24	169	244	255	181	144	56	158	165	41	231
29	175	240	255	186	142	56	157	161	38	228
24	181	244	251	181	145	60	157	165	40	234
27	182	244	246	175	144	62	161	159	42	240
27	180	250	247	172	148	64	159	160	47	238
21	183	244	244	170	153	67	164	158	53	237
24	182	241	249	165	159	73	170	159	56	234
18	184	235	244	164	154	78	176	161	55	236
14	188	237	241	159	158	78	180	155	49	235
20	192	240	236	158	154	84	182	155	44	241
25	188	237	236	157	151	80	178	154	48	238
29	194	231	232	157	153	84	178	156	44	238
30	190	232	236	161	149	81	182	158	48	240
35	195	229	230	165	155	77	180	157	46	235
36	201	235	229	163	154	79	180	158	46	233
41	201	229	235	166	148	73	184	154	41	227
40	205	230	229	162	144	70	182	157	45	221
40	201	226	231	161	148	73	177	154	50	221
45	196	220	236	160	148	70	181	149	51	227
42	196	217	236	154	144	69	183	144	57	222
44	197	218	239	150	144	66	181	138	59	226
48	195	221	245	153	149	63	184	137	65	230
46	201	225	242	148	152	61	180	141	59	225
40	198	223	236	154	154	67	180	136	57	220
35	196	220	230	153	151	62	180	137	59	222
34	201	221	225	147	147	59	176	141	58	221
35	196	224	221	151	149	53	175	140	63	222
29	200	229	223	150	144	55	170	146	69	218
28	201	226	221	149	142	55	174	143	66	219
33	201	226	218	153	142	52	169	139	61	224
28	203	224	217	159	146	58	172	143	62	221
33	203	224	215	161	145	57	171	141	61	222
35	208	223	219	163	142	56	173	147	55	225
38	205	228	220	167	139	54	177	141	50	223
43	204	224	219	165	134	58	173	135	46	222
45	210	219	216	161	133	57	172	137	42	223
42	211	225	219	159	136	54	178	142	41	223
48	208	227	225	155	131	54	178	143	37	227
46	202	222	227	150	129	56	183	149	37	221
52	198	220	227	147	135	60	180	153	35	216
57	200	222	223	142	141	64	182	148	37	211
51	194	219	224	139	137	69	184	142	36	216
48	195	213	229	136	142	64	181	141	39	213
48	189	212	230	133	148	62	181	137	43	213
51	191	216	225	127	152	66	182	133	48	210
50	187	222	228	128	147	64	186	137	51	208
51	184	220	234	122	147	67	189	131	56	214
52	188	224	236	127	153	66	184	133	53	216
48	188	230	236	122	156	66	179	134	52	221
44	183	233	231	116	162	64	175	135	54	222
46	179	230	227	116	156	58	180	131	50	222
48	178	234	232	111	156	60	174	135	49	223
51	175	230	237	112	152	64	180	134	48	222
49	171	235	233	116	153	60	175	128	44	225
51	165	231	228	122	150	59	177	131	49	231
48	161	237	231	121	150	58	173	134	43	237
50	157	235	227	123	147	52	167	136	46	233
51	161	233	230	129	141	47	166	135	48	230
48	156	237	227	133	140	49	161	136	43	236
44	157	238	221	135	134	44	157	141	45	241
44	158	232	222	130	133	49	160	140	39	240
42	153	235	218	128	134	46	154	142	37	235
42	151	235	214	123	130	40	152	141	34	230
40	155	241	220	125	134	35	148	137	37	229
44	151	238	221	129	139	36	147	133	43	229
49	155	236	219	124	139	32	142	129	42	228
43	150	240	213	126	145	35	140	124	41	226
44	150	240	208	127	140	34	143	119	38	228
47	155	242	213	131	142	30	137	114	36	232
52	149	244	218	134	145	26	140	109	40	228
51	150	240	224	136	144	22	141	105	34	222
51	147	237	222	141	142	19	136	109	30	218
56	150	232	226	135	141	19	136	111	25	219
53	156	235	223	135	147	19	141	110	26	222
47	153	232	218	140	143	13	142	105	32	223
45	158	234	218	142	143	12	136	105	32	227
40	159	228	218	138	138	16	133	99	30	221
44	164	226	219	135	142	12	136	94	30	224
46	165	229	219	139	146	9	137	97	34	223
41	171	226	216	139	147	15	134	103	32	227
42	175	229	222	135	144	21	135	107	38	233
36	177	232	220	135	146	21	138	107	40	239
30	181	232	225	137	150	15	134	112	34	240
32	175	233	229	138	155	10	139	110	33	240
38	180	230	230	138	153	6	137	113	38	238
44	174	229	231	137	149	9	142	114	33	232
50	174	231	234	138	153	15	146	115	30	232
53	174	234	228	136	153	19	143	114	35	233
49	171	240	234	134	149	15	139	113	30	227
47	170	239	240	133	147	18	143	116	24	231
43	164	240	241	129	144	14	141	118	27	229
43	161	234	240	127	149	18	147	112	31	226
48	157	230	246	125	144	21	146	110	36	222
46	156	227	251	120	139	17	150	106	39	220
40	162	222	254	114	138	22	144	109	43	224
44	158	220	249	110	144	25	140	109	46	224
47	158	214	252	116	147	22	144	110	51	227
42	156	208	254	121	147	17	144	108	57	232
36	154	203	249	126	153	16	143	111	57	238
36	150	203	248	127	147	19	139	110	51	232
38	155	207	243	122	148	19	136	106	46	236