SINAL	ATTEN	MED	H.A	L.A	H.B	L.B	M.G	L.G	THE	DEL
236	58	165	219	126	182	222	104	113	79	254
236	62	161	219	126	179	224	106	114	84	248
239	65	166	220	125	177	219	104	110	81	245
238	68	171	223	129	180	214	105	104	78	245
239	72	173	228	133	179	215	100	100	73	243
234	75	170	228	139	180	210	102	102	69	238
235	80	170	232	138	181	213	98	102	74	236
240	86	166	236	142	186	218	94	100	77	239
234	92	168	239	144	181	219	88	101	77	237
231	87	166	240	149	183	213	92	98	76	231
237	85	164	236	151	181	211	93	96	78	233
231	90	161	240	147	183	209	91	90	74	235
225	87	165	246	145	188	207	86	88	70	234
225	82	167	241	139	193	208	92	94	69	237
226	77	167	235	138	195	207	96	91	70	239
223	83	173	237	132	193	213	94	97	76	241
220	85	172	238	131	188	209	95	95	75	243
222	79	172	240	136	191	206	98	95	74	240
222	83	173	243	140	190	212	96	92	79	240
220	85	171	239	134	193	214	92	89	78	241
225	84	177	236	130	195	218	87	91	84	236
226	90	175	231	136	196	224	93	86	88	232
221	84	178	237	132	192	218	94	92	86	230
221	90	180	239	128	193	221	98	88	87	228
224	96	176	233	129	195	224	98	83	84	231
218	94	180	229	125	198	226	97	83	90	231
216	90	174	225	122	192	223	99	81	85	235
211	89	172	224	118	188	228	97	87	90	241
212	87	172	227	113	192	222	98	82	87	244
217	84	177	232	113	192	218	95	87	81	248
220	82	176	230	119	193	215	95	89	79	250
218	84	179	225	116	199	210	90	89	84	253
214	86	182	227	120	199	215	92	87	85	252
214	81	188	231	118	205	212	87	90	80	253
213	79	191	229	115	206	212	82	88	83	255
215	85	185	232	115	212	213	84	89	85	254
218	88	183	230	112	211	214	85	86	89	253
219	91	181	225	113	212	217	89	92	95	251
220	88	182	230	107	213	222	84	92	97	255
219	84	184	224	105	207	221	86	96	94	253
214	84	187	225	108	204	227	86	97	98	255
217	87	187	229	111	209	226	82	99	101	255
223	83	183	226	114	214	226	80	101	106	255
217	80	179	226	113	213	224	81	101	101	249
220	74	185	221	115	217	228	87	106	107	249
214	77	185	225	114	216	226	83	100	109	248
218	82	180	219	118	216	231	84	96	111	252
216	77	182	213	120	217	227	86	93	108	249
216	74	182	214	122	216	228	92	94	111	250
213	70	186	219	128	214	226	91	90	112	245
218	69	192	214	130	218	226	94	84	116	243
223	73	197	216	128	218	228	93	82	119	246
229	74	194	221	133	213	233	89	79	116	240
229	72	194	216	131	217	227	87	82	113	242
223	77	198	211	132	212	224	88	80	119	247
218	77	194	209	128	216	219	85	79	115	251
212	72	191	207	134	210	213	81	74	119	247
208	74	188	206	132	214	215	84	73	117	244
207	80	192	210	130	215	211	84	79	117	250
203	74	190	209	129	216	205	89	81	118	245
202	76	193	209	124	220	210	90	85	120	246
198	70	190	210	130	217	207	84	86	115	240
202	74	191	205	133	216	205	84	83	114	242
197	70	191	199	133	222	199	86	79	116	248
203	74	194	205	138	221	193	80	76	110	250
202	77	197	200	136	221	195	79	76	111	249
201	75	196	204	133	219	193	81	73	108	249
204	81	190	205	137	221	198	79	70	110	250
203	77	189	208	133	218	195	84	74	108	245
200	74	184	213	127	214	198	79	69	109	244
199	76	186	209	128	211	197	75	64	114	250
195	72	190	207	131	215	193	77	66	119	244
194	75	195	208	132	213	197	78	61	113	240
194	76	193	206	126	209	191	72	65	118	240
191	76	198	203	125	214	191	67	64	123	244
195	77	198	197	120	209	194	73	68	123	250
198	71	201	196	122	203	196	78	68	129	246
202	75	198	190	123	207	196	76	71	127	250
208	74	203	196	124	207	190	72	72	129	251
203	72	201	199	124	203	193	68	70	130	255
207	76	207	201	130	205	190	70	76	135	252
211	76	208	206	136	203	188	69	71	133	249
216	80	206	209	138	207	187	68	67	134	255
214	77	210	207	135	213	190	68	65	137	251
213	81	213	203	136	215	187	72	67	135	255
218	78	219	200	138	215	193	74	61	130	251
214	77	217	196	132	220	198	73	59	125	255
212	79	213	201	129	216	195	77	53	121	255
213	80	210	205	123	219	196	74	49	120	255
209	80	206	201	119	213	196	73	44	120	250
209	86	212	201	119	208	192	70	41	114	245
212	88	216	197	120	210	190	65	41	111	245
206	83	222	200	125	214	184	68	40	114	248
207	88	225	197	129	211	187	73	36	117	251
210	83	226	193	130	208	190	75	40	122	250
211	77	226	190	132	206	189	72	34	118	244
210	72	228	195	131	202	191	66	33	124	245
209	72	227	200	125	208	186	67	39	120	245
205	72	223	197	125	213	185	72	37	119	246
199	76	228	191	125	210	187	66	38	117	241
197	71	226	193	129	207	190	63	39	118	247
200	71	232	195	129	202	196	57	41	115	249
205	69	233	194	128	197	196	62	38	118	250
209	70	230	188	125	195	193	56	41	112	248
204	64	224	192	131	190	196	61	39	111	243
207	62	226	194	130	192	193	59	44	112	244
204	67	228	194	131	192	187	60	39	110	249
207	70	226	191	126	189	182	62	39	110	252
211	64	228	191	126	194	187	56	43	104	246
210	64	225	193	127	199	193	60	45	107	244
215	67	224	196	122	196	190	55	43	110	243
214	63	225	202	116	202	193	56	49	110	237
214	66	228	207	111	204	196	55	51	106	240
213	71	231	202	112	210	199	57	48	107	239
216	71	235	197	116	211	196	53	46	110	240
212	77	230	203	116	213	197	53	46	108	246
206	82	234	208	118	213	201	59	48	114	241
205	77	231	208	124	212	201	56	48	116	235
205	79	225	204	119	208	197	57	53	122	232
211	84	223	201	121	211	194	63	57	127	230
213	88	220	202	120	212	200	61	58	126	229
209	89	221	207	119	213	202	62	62	120	233
203	94	224	209	122	217	197	65	65	117	231
197	90	228	210	121	223	196	63	68	111	226
191	89	228	205	123	218	197	58	70	107	230
193	95	229	210	117	216	196	56	67	103	227
192	92	227	211	123	217	199	52	65	109	232
192	95	225	207	119	222	197	54	70	115	233
197	100	224	207	114	225	195	52	64	118	229
197	95	230	209	108	229	190	53	62	117	230
192	91	227	204	113	224	188	55	58	120	227
195	90	229	208	113	222	188	58	61	122	233
193	87	232	211	111	225	193	61	57	121	232
196	89	228	212	117	221	190	67	53	117	232
190	85	233	211	111	225	188	67	58	114	230
188	88	235	208	110	224	191	67	63	111	235
186	92	231	206	110	224	186	72	62	109	235
186	95	229	201	108	225	185	67	67	111	241
185	101	230	199	106	229	188	69	64	114	237
180	105	235	203	102	226	194	75	66	120	234
183	111	232	197	102	228	193	74	67	126	233
184	105	236	200	102	226	194	69	64	121	232
186	111	236	195	96	225	196	71	64	125	230
181	105	242	200	98	220	193	72	70	123	230
183	101	248	199	101	219	192	74	76	117	234
180	106	254	193	97	218	194	71	80	122	235
175	102	255	193	92	213	200	76	85	127	233
177	108	255	191	98	219	203	80	81	128	230
177	110	249	190	94	225	203	84	85	123	226
180	116	250	194	93	222	203	87	88	129	227
186	119	250	200	90	224	202	84	94	129	228
190	121	245	205	94	222	199	85	95	134	229
189	117	241	208	98	222	199	79	94	130	225
186	119	238	202	98	224	198	75	94	133	224
186	116	237	202	104	227	198	77	99	137	218
186	116	237	197	107	232	202	79	102	139	212
183	117	243	192	108	226	200	82	98	133	209
189	118	240	191	111	221	196	87	97	136	215
194	116	239	197	110	216	197	88	99	138	217
197	117	242	191	108	219	201	88	100	139	212
196	116	248	196	110	224	200	87	98	142	212
200	113	242	201	116	218	206	84	100	138	212
203	109	246	203	114	215	211	88	95	144	215
201	112	247	205	116	212	217	93	90	144	214
207	113	253	204	122	207	220	93	89	146	220
210	107	249	204	124	213	219	93	87	146	216
214	106	248	199	118	218	215	92	81	148	222
215	102	249	197	117	212	218	94	87	153	218
214	100	245	195	111	210	218	92	89	149	218
220	100	241	193	110	206	223	89	83	151	219
217	97	246	188	110	211	221	85	80	154	225
214	99	240	188	107	213	215	91	84	158	227
209	100	245	188	110	217	212	86	84	159	232
212	103	244	185	111	222	208	88	82	160	229
207	99	248	179	113	222	208	84	88	155	234
202	97	243	183	113	220	208	89	85	158	238
204	99	242	179	115	222	212	83	80	161	239
203	97	240	175	116	216	214	78	85	155	239
201	96	238	172	117	218	210	77	83	158	240
197	91	237	166	117	216	215	77	87	156	235
197	97	242	166	117	216	214	76	81	158	235
194	92	239	161	111	219	218	76	80	157	231
195	94	239	159	116	224	220	81	79	162	233
199	92	235	164	110	219	217	79	75	163	238
194	98	230	162	105	216	221	84	69	169	243
194	98	224	157	99	216	217	79	66	166	244
192	101	218	156	95	222	214	85	62	162	241
191	104	224	157	95	227	210	84	67	159	241
188	103	226	156	101	233	210	88	70	165	240
183	108	220	161	96	231	214	93	66	164	235
178	108	222	159	95	229	213	88	70	159	233
174	105	217	164	96	232	207	88	75	157	231
172	101	215	159	100	232	207	82	76	153	231
172	103	215	153	100	226	213	85	82	149	226
172	97	211	150	106	225	218	80	84	149	223
167	100	212	146	109	225	219	80	78	155	222
161	105	212	146	103	227	215	80	72	150	216
159	108	209	145	103	225	213	75	74	151	210
156	103	214	143	105	219	210	80	76	156	206
153	101	214	141	107	216	207	78	80	156	212
154	107	210	146	104	215	204	81	76	154	218
149	104	205	148	102	216	210	84	74	154	215
146	104	211	143	98	220	212	78	76	159	215
147	103	205	137	94	225	217	84	72	154	210
150	106	200	138	94	226	216	82	70	158	216
150	109	197	133	97	222	217	76	68	157	214
147	110	192	130	98	216	223	70	72	160	218
143	112	194	135	93	220	222	67	74	154	219
144	112	189	135	93	217	220	63	71	156	225
149	117	189	141	91	222	214	59	71	159	219
155	120	192	144	86	217	214	60	67	162	218
149	120	193	149	91	215	214	65	69	163	219
153	123	196	151	95	214	214	69	75	160	221
157	126	200	149	89	215	211	75	69	155	217
154	127	204	144	89	213	209	78	67	152	213
156	127	200	145	91	217	208	83	67	152	218
162	127	205	146	96	219	204	83	68	149	219
156	130	208	147	98	217	200	82	66	148	215
150	134	202	151	95	219	194	83	60	142	213
146	137	200	155	94	218	189	87	59	145	213
151	139	196	157	100	214	193	86	53	151	218
153	134	194	152	95	216	190	92	50	153	213
147	138	197	151	93	222	191	86	54	152	218
148	133	193	145	88	227	197	85	58	155	221
152	132	192	143	85	225	202	87	63	156	215
153	126	190	144	79	230	201	93	61	162	213
157	124	189	140	81	231	206	93	58	157	219
155	123	194	137	82	232	201	99	63	162	215
152	117	198	136	83	236	198	104	65	163	210
147	112	201	133	86	241	203	99	68	163	210
143	109	207	138	87	245	206	96	70	158	212
140	111	202	140	87	239	206	93	67	159	214
146	105	208	134	91	241	212	96	64	153	220
140	110	212	136	93	236	206	97	69	156	224
144	105	217	138	91	239	203	91	73	161	229
142	110	223	133	93	238	197	87	70	165	231
140	108	221	136	88	237	200	81	74	165	237
140	105	224	133	83	232	203	83	79	169	242
136	99	219	135	78	236	200	83	85	172	246
132	98	214	134	81	235	196	82	91	175	244
135	104	209	131	75	230	197	84	92	170	250
139	102	208	135	80	228	191	84	95	172	245
138	106	204	133	82	231	195	80	98	173	240
139	112	205	134	88	229	192	76	93	172	245
134	115	200	134	85	224	194	72	90	177	239
138	110	198	135	83	224	198	75	87	175	245
144	111	194	130	84	227	198	72	90	177	249
142	113	195	136	90	228	201	67	88	171	246
139	109	195	135	95	230	198	67	85	168	243
145	104	192	140	89	229	203	73	87	174	238
140	100	191	146	87	233	203	69	92	168	237
135	99	192	144	87	227	199	75	96	163	232
140	96	186	141	91	222	198	76	100	166	227
137	96	185	137	97	228	195	75	96	167	225
139	94	183	132	99	228	191	80	97	168	230
144	95	182	135	98	223	195	86	91	166	236
139	95	179	137	102	221	191	91	92	162	232
135	91	176	142	100	226	195	95	98	161	237
132	92	181	148	98	231	197	99	98	158	233
133	95	182	148	94	236	191	98	104	155	236
130	99	180	152	100	240	197	101	99	149	238
133	96	174	147	99	238	201	96	96	149	242
135	91	173	148	95	241	206	102	90	148	238
135	93	167	146	91	238	206	97	86	147	244
139	99	169	152	90	243	212	102	81	149	242
144	105	167	154	96	249	210	104	85	144	237
144	109	172	151	100	251	204	110	83	141	236
150	104	177	149	102	254	200	115	80	145	235
151	100	172	152	103	255	198	114	81	143	235
150	101	169	156	108	251	196	119	82	137	233
153	106	169	151	113	248	198	125	80	133	235
159	100	165	152	116	243	203	119	75	131	238
156	100	163	153	122	249	208	114	74	130	238
154	97	168	150	116	249	202	120	77	131	237
150	94	173	147	112	250	205	115	79	135	241
146	95	172	151	114	255	208	116	79	137	247
141	99	172	153	109	255	213	118	82	135	243
147	98	171	156	105	252	208	113	84	132	246
150	102	167	153	105	253	207	116	83	127	244
152	97	162	153	104	250	206	117	83	129	243
146	96	168	148	109	255	205	116	82	127	248
144	94	167	149	111	255	205	121	81	127	244
150	92	168	146	108	255	204	124	79	129	247
150	98	173	140	107	250	210	120	76	127	247
154	93	174	146	111	245	206	119	80	123	247
155	90	176	141	113	249	209	124	81	121	242
160	86	172	138	119	249	209	129	75	125	236
165	83	173	133	122	249	210	133	75	126	238
164	86	177	129	117	246	215	131	79	125	243
163	88	174	130	123	243	213	129	84	122	246
159	88	177	133	117	243	218	134	86	124	240
164	90	179	135	114	249	224	128	89	120	235
170	86	181	133	112	243	220	125	95	117	231
174	86	180	137	114	243	214	126	98	122	230
177	89	186	135	119	242	220	123	102	127	229
181	93	189	138	115	248	218	125	100	130	228
180	99	185	140	120	252	223	128	106	131	224
184	97	184	137	124	250	222	122	102	130	230
186	93	181	132	126	254	223	126	103	130	228
189	88	186	134	120	251	227	122	104	126	227
185	83	190	129	117	250	221	123	103	124	232
187	87	184	130	111	247	219	121	97	120	226
192	81	178	129	109	253	218	125	102	116	220
191	75	176	130	109	255	219	130	107	113	217
190	73	178	133	103	255	222	124	112	107	218
191	74	181	137	100	255	221	124	114	103	223
194	75	176	131	103	255	215	120	111	109	228
190	72	173	129	107	253	215	118	106	108	234
191	76	170	131	108	255	210	114	100	108	233
195	81	166	135	109	255	206	116	104	103	239
195	78	168	133	114	255	204	116	104	107	239
193	78	165	130	111	255	204	110	110	112	234
196	76	161	131	111	255	199	115	105	117	233
192	72	156	137	106	255	199	109	108	120	230
186	66	158	131	101	249	200	115	112	120	231
190	61	156	132	96	245	195	117	109	118	233
191	66	153	130	90	244	190	111	112	114	235
185	68	151	133	88	238	189	114	106	111	238
188	67	145	135	90	240	191	112	103	107	232
187	67	141	134	90	246	191	116	97	111	229
181	67	135	139	95	240	189	118	102	111	224
179	65	141	133	94	235	188	117	99	106	225
175	67	136	139	96	234	187	117	97	110	229
180	62	134	139	98	231	187	113	95	109	229
185	66	129	139	104	235	193	112	90	104	224
189	72	126	138	104	241	192	117	93	108	226
185	67	123	144	101	241	186	118	98	109	221
191	67	129	150	105	236	182	118	101	113	224
197	67	128	146	110	236	176	124	95	108	222
200	69	132	152	114	236	175	126	90	106	218
204	73	127	153	119	231	177	123	84	105	223
199	76	122	154	120	231	178	121	85	109	228
205	70	127	152	118	228	183	121	79	107	232
211	67	127	153	121	222	183	120	83	109	228
213	69	126	152	125	224	185	117	86	114	230
210	74	122	153	123	227	183	118	81	108	232
209	79	118	154	129	223	185	113	78	104	228
209	83	122	158	125	228	186	109	77	100	227
209	82	116	162	122	224	185	107	73	103	226
215	76	112	167	118	222	181	108	71	103	220
211	77	106	163	123	225	180	114	76	99	219
217	79	102	166	124	231	183	119	74	95	225
213	74	99	163	119	227	183	124	79	100	231
212	70	101	164	125	227	178	120	78	97	236
210	70	98	158	126	223	183	120	79	94	240
214	68	93	160	121	229	179	118	80	94	236
219	70	98	161	124	226	179	123	82	91	230
216	76	93	163	123	229	175	124	76	86	234
219	77	96	169	127	228	171	125	72	87	239
216	80	101	164	121	225	168	124	67	88	240
211	76	102	161	116	225	162	126	62	91	243
210	80	105	167	122	224	162	126	61	93	243
204	76	110	173	127	224	156	125	66	97	247
198	81	109	177	126	229	155	121	61	100	246
200	82	108	183	123	233	160	122	55	99	248
203	78	109	185	120	230	157	127	52	94	242
208	80	106	191	126	231	154	125	48	92	247
207	86	111	196	121	232	156	126	53	92	250
202	85	106	194	124	234	156	122	51	95	255
206	82	102	192	122	236	151	122	45	91	253
207	87	101	196	118	237	157	118	46	92	255
213	88	102	190	119	238	161	118	48	93	255
213	84	105	184	118	242	167	115	45	92	250
210	78	106	190	113	247	162	116	45	95	253
210	80	112	186	108	247	167	114	40	89	253
215	76	106	189	103	243	170	116	41	90	251
221	81	104	195	109	247	172	120	43	88	248
221	75	103	200	109	248	170	114	45	82	247
221	75	108	199	108	245	165	119	48	80	243
218	79	102	203	106	245	168	125	45	78	246
224	77	108	198	108	241	170	122	48	81	248
227	81	106	193	111	237	169	123	49	75	244
229	87	102	196	107	239	171	118	43	72	243
235	82	103	195	106	238	174	114	47	73	237
239	81	106	199	108	233	168	112	47	71	236
240	84	111	200	111	239	165	117	51	66	233
237	80	105	201	114	243	160	122	46	69	227
232	81	102	196	109	249	165	127	41	68	230
238	87	102	194	104	248	160	123	41	67	229
235	87	97	200	100	244	164	119	35	68	235
230	92	94	199	97	244	161	113	29	64	238
224	97	96	195	103	241	156	113	27	63	232
219	98	97	199	109	243	159	110	29	64	235
220	100	103	204	109	248	162	114	30	64	241
223	94	100	204	112	247	163	109	25	68	246
225	88	98	200	112	248	165	108	25	73	252
219	93	101	195	115	251	171	113	20	78	255
223	95	102	200	120	250	174	113	25	74	255
224	96	103	197	122	250	180	108	30	80	250
221	98	105	193	121	244	184	103	35	76	246
221	101	100	190	124	241	183	103	41	73	249
219	102	95	196	120	241	178	99	37	71	255
220	101	91	196	119	236	174	104	39	70	255
219	106	89	192	122	241	179	104	44	75	253
214	100	87	197	118	246	176	105	45	71	252
216	94	86	196	119	252	181	101	49	76	248
217	100	84	191	121	252	186	97	48	75	249
211	102	89	187	116	251	191	96	52	70	251
215	105	90	193	111	246	192	99	56	72	252
220	111	90	196	111	244	194	103	55	76	248
225	111	91	192	107	248	194	109	56	79	250
231	107	86	190	106	252	192	112	53	77	254
233	113	92	186	100	255	190	118	52	76	255
239	114	95	190	96	255	192	120	47	80	255
243	118	91	195	100	249	196	121	44	81	250
242	116	95	201	95	249	202	115	49	82	251
240	113	98	205	89	254	199	109	48	79	253
244	113	99	205	95	252	195	111	54	84	255
246	116	99	201	97	247	193	112	59	86	249
243	116	98	204	100	244	198	113	58	83	254
246	116	100	204	97	244	192	116	61	85	255
241	117	101	201	94	250	192	119	61	89	252
239	121	100	198	97	255	192	120	67	93	254
242	119	106	203	92	255	195	118	67	87	252
243	122	109	199	93	255	201	116	71	92	255
247	123	108	198	93	252	199	113	69	97	251
245	123	106	199	90	254	196	113	73	99	251
241	122	107	203	86	254	195	109	74	95	247
246	119	104	206	81	250	194	107	69	101	249
246	121	103	211	79	246	196	103	68	101	250
249	119	102	205	76	241	191	108	74	103	244
253	116	108	201	79	247	192	113	69	98	240
249	111	103	202	83	242	188	116	74	96	235
245	117	100	198	85	245	186	116	68	99	230
241	117	101	196	82	248	180	118	70	104	236
238	115	96	199	86	249	174	120	64	110	241
233	120	91	197	83	250	171	115	65	107	247
234	120	94	200	85	245	173	112	69	103	245
240	123	95	204	82	246	167	108	71	100	245
246	117	94	207	87	247	170	105	67	101	246
241	115	98	203	91	241	173	103	73	106	244
237	111	94	200	92	236	171	105	68	110	244
241	107	92	194	97	237	169	111	73	112	245
243	111	86	197	103	243	171	111	73	118	243
237	116	85	195	99	237	168	107	76	118	240
242	114	85	196	98	238	169	111	73	124	238
238	120	86	194	104	234	175	113	68	129	242
244	121	82	191	107	240	171	119	62	128	248
248	124	77	186	108	236	168	119	63	132	246
252	130	75	186	102	235	172	117	66	128	246
255	129	76	181	98	229	178	113	62	128	251
253	134	75	175	100	224	180	112	63	131	249
254	139	77	176	96	226	186	112	68	131	253
251	136	77	174	95	228	191	111	72	134	255
248	131	78	170	93	224	194	108	74	132	250
242	127	73	167	95	223	188	107	80	134	255
242	128	76	163	94	219	194	105	81	136	255
236	133	78	166	90	221	193	107	81	132	255
230	137	83	163	85	216	195	101	76	137	254
235	141	77	158	81	221	191	101	75	137	255
236	137	75	153	79	220	185	104	74	133	251
231	132	70	152	80	214	186	101	71	129	255
226	136	68	157	86	216	188	104	66	127	253
229	142	62	163	92	212	192	104	64	126	249
226	145	66	159	90	214	196	102	70	121	253
224	148	63	155	85	211	202	96	69	125	252
224	147	65	155	87	210	197	93	73	123	251
225	149	67	150	86	215	198	98	68	123	248
231	147	65	154	86	219	199	101	70	120	254
230	149	67	156	84	224	204	96	74	122	250
227	153	63	160	80	218	199	94	74	122	252
224	152	69	158	82	215	195	95	71	118	251
230	156	72	158	82	213	191	89	68	114	248
229	150	77	161	77	217	191	86	71	115	254
227	156	73	156	75	216	186	85	65	117	255
227	153	74	156	76	212	181	82	59	121	252
227	156	73	150	72	206	177	85	55	122	246
221	162	76	147	70	200	181	85	53	121	245
223	159	79	149	73	199	187	82	53	117	239
219	154	74	147	72	200	186	80	59	115	238
213	160	74	149	78	200	185	85	64	121	235
213	162	76	155	75	198	184	87	69	120	235
216	164	74	152	69	197	185	85	64	119	234
215	163	70	152	68	200	185	83	67	119	228
210	164	72	156	71	194	188	79	65	120	224
215	164	67	159	72	195	189	78	64	117	225
215	166	65	161	70	195	195	75	69	118	227
215	169	64	157	71	189	199	73	69	117	222
221	167	61	160	65	193	193	73	74	123	228
227	163	58	156	60	199	199	76	80	128	226
222	162	63	159	54	201	195	74	78	130	229
225	156	64	160	48	206	190	71	74	128	232
227	153	59	161	47	206	189	77	75	124	235
233	147	64	157	46	205	183	81	78	119	236
231	152	68	155	52	205	184	83	73	124	235
233	146	66	155	50	204	182	81	68	123	235
235	147	71	159	54	206	185	84	65	124	236
236	147	73	154	59	201	179	84	60	119	236
241	148	72	148	54	207	183	79	56	114	230
240	147	76	154	50	201	186	75	51	111	227
236	141	72	156	55	204	181	72	49	115	228
236	138	68	160	55	206	177	76	46	112	234
234	132	68	163	56	203	174	81	49	116	236
235	128	74	158	54	199	168	86	51	110	237
231	124	69	161	55	198	166	81	52	111	243
229	119	67	159	53	197	163	80	58	110	240
234	115	73	158	49	194	160	74	53	115	239
235	113	73	154	53	195	166	80	59	118	238
235	119	69	154	59	200	169	81	55	113	237
236	120	69	155	62	197	175	84	60	108	231