SINAL	ATTEN	MED	H.A	L.A	H.B	L.B	M.G	L.G	THE	DEL
142	205	191	79	31	35	237	122	193	17	222
145	201	194	76	35	36	231	120	196	15	227
145	196	195	76	32	35	228	114	191	20	223
145	202	196	79	26	38	229	111	185	15	223
144	196	198	78	28	36	227	113	188	16	226
150	195	198	73	29	32	224	111	185	18	231
150	189	204	73	25	36	226	114	184	15	228
151	192	204	78	28	37	222	111	182	18	231
156	187	202	79	31	42	225	109	181	20	225
160	189	205	79	33	40	231	109	185	23	226
161	189	205	84	35	41	233	110	188	28	224
156	192	205	88	30	41	235	114	190	25	228
159	186	210	91	31	40	230	112	192	23	226
164	181	211	86	34	45	230	115	186	18	222
169	179	209	83	38	47	228	116	189	13	217
172	178	210	89	44	50	231	110	185	9	215
178	181	214	92	49	50	225	112	187	6	215
173	178	215	95	54	49	223	109	191	9	209
170	180	219	92	50	45	225	107	188	6	209
176	177	221	92	53	48	222	106	183	1	215
174	176	222	97	51	49	220	111	182	0	216
174	176	218	103	53	50	215	114	179	0	212
170	175	221	103	47	50	217	113	180	4	214
176	172	217	104	43	53	215	108	182	5	216
176	173	222	99	43	57	219	112	180	0	212
171	172	217	93	47	63	225	110	182	0	213
167	171	217	97	41	60	229	111	181	3	210
162	171	220	98	43	61	229	110	181	9	213
162	176	225	100	45	63	225	112	180	9	211
168	177	224	106	47	60	222	107	175	3	212
168	175	224	112	43	64	226	103	171	2	216
163	179	227	108	38	67	230	105	165	8	215
159	181	222	109	37	73	236	105	163	12	216
155	178	216	114	35	79	241	104	157	10	222
160	178	221	111	37	73	244	104	153	8	225
158	174	227	108	31	68	241	104	153	5	221
161	169	230	108	28	68	240	107	147	8	219
160	165	234	110	28	67	234	103	143	9	216
164	159	236	113	30	61	228	104	141	7	222
164	164	242	107	33	66	229	106	145	4	217
164	164	239	103	36	60	224	107	141	0	219
165	164	236	107	33	57	226	106	144	2	219
166	159	240	105	30	57	222	105	149	0	216
163	156	235	106	34	52	228	111	154	0	220
166	162	237	107	36	54	224	110	158	0	225
168	168	232	106	36	54	228	108	163	5	227
164	165	237	107	33	60	226	104	164	8	223
160	164	237	108	30	57	225	103	162	14	229
164	168	243	111	31	55	228	97	165	16	233
168	167	244	116	37	56	233	91	163	20	227
164	166	243	114	35	58	229	94	158	22	232
162	166	239	111	32	54	235	90	164	25	234
158	163	233	113	29	56	232	92	164	31	230
152	165	234	119	27	52	237	89	160	31	228
154	170	234	122	21	50	240	87	161	35	224
156	174	234	125	19	44	242	83	157	36	228
157	178	240	123	16	50	246	79	152	38	224
162	173	237	120	18	52	248	73	152	33	221
162	167	235	123	24	52	252	67	152	31	224
166	172	239	121	22	55	248	62	147	33	219
161	178	234	121	22	56	252	62	141	30	215
165	179	236	124	18	52	254	56	135	28	214
163	182	234	122	14	53	255	55	139	31	213
158	184	231	124	20	53	249	59	145	26	211
162	187	236	127	17	53	248	59	139	23	206
157	182	231	127	11	59	246	56	141	27	201
153	182	230	128	14	53	244	58	138	22	200
159	179	225	134	16	57	241	52	135	26	194
161	173	227	128	16	60	242	58	132	21	197
166	171	223	125	17	60	243	64	135	25	203
164	170	219	126	15	64	248	60	129	25	206
161	174	214	121	12	65	251	63	129	25	210
163	175	216	124	9	60	248	65	129	26	215
165	180	216	120	12	65	251	65	129	25	212
162	184	212	125	17	59	245	65	131	30	218
162	185	211	125	16	57	245	68	132	30	223
166	187	210	126	16	61	250	63	131	26	217
168	181	207	120	19	56	249	61	132	26	221
171	184	203	124	17	59	243	64	137	21	215
170	182	207	119	11	63	242	69	136	19	211
165	178	211	125	16	63	245	68	139	16	215
168	172	212	125	21	66	250	70	138	14	220
162	178	207	123	26	64	250	65	136	19	224
161	181	210	120	20	70	244	60	137	17	222
157	187	215	120	18	73	244	63	140	18	223
159	193	214	124	24	70	245	59	138	19	227
161	189	210	122	20	75	239	60	132	22	225
159	192	206	117	14	70	235	55	134	19	222
153	187	202	115	9	66	229	49	138	14	216
148	186	205	116	9	71	224	51	142	15	222
143	184	206	119	3	74	222	49	137	15	225
138	188	206	125	0	68	223	54	131	17	229
132	186	203	124	0	73	225	57	134	12	225
133	181	202	130	0	70	231	56	137	11	222
130	180	204	133	0	69	227	55	132	6	227
131	179	200	138	2	74	226	57	126	2	226
126	185	202	136	7	79	223	59	128	1	221
122	180	199	130	2	75	218	54	123	5	224
119	178	205	127	7	69	216	60	120	3	230
115	180	205	122	4	73	218	62	116	0	233
111	186	204	118	1	77	215	67	120	0	237
109	187	203	116	0	79	213	67	126	0	241
110	192	207	116	0	77	218	67	132	0	247
107	193	204	120	0	74	217	69	135	0	251
102	187	209	123	0	71	212	73	141	2	248
103	193	213	125	0	75	206	70	143	0	245
105	196	210	124	3	78	205	66	149	0	239
109	193	204	128	0	74	203	70	149	0	240
107	192	201	132	4	76	204	64	152	0	244
103	198	206	130	10	82	205	68	147	3	243
97	195	205	126	16	77	202	62	142	9	248
100	191	207	124	11	80	201	64	144	6	244
99	191	210	130	6	77	196	59	145	11	249
99	189	213	131	8	78	191	61	147	13	255
100	187	215	127	4	81	195	64	141	9	255
94	188	220	131	5	87	196	58	144	9	255
93	182	215	131	1	88	196	62	142	7	255
90	179	217	135	0	82	197	61	146	1	253
91	182	211	137	0	78	196	67	146	0	254
90	186	208	137	0	75	195	73	143	0	249
92	183	203	139	0	78	195	73	149	0	246
93	184	208	145	0	75	191	74	148	2	240
97	182	214	146	2	74	191	79	146	0	234
101	186	210	146	0	73	195	76	141	0	232
100	187	209	149	5	71	193	82	143	0	229
98	193	211	146	0	73	194	79	142	6	224
99	199	211	146	0	71	191	75	144	2	224
104	194	214	149	0	70	193	75	143	0	228
109	190	217	144	0	72	192	69	147	6	234
113	187	221	145	1	72	187	71	142	8	230
108	193	217	141	2	72	193	74	137	4	225
114	197	220	146	0	67	194	80	132	7	231
117	197	215	141	0	69	200	74	135	10	233
123	199	215	140	1	63	200	79	130	5	236
118	193	218	144	0	65	204	77	131	2	239
120	188	216	148	2	63	199	81	135	6	235
120	192	217	153	4	69	201	75	132	3	232
126	198	217	149	7	74	200	69	136	0	235
129	203	221	153	6	72	202	72	140	0	232
134	206	221	155	6	74	203	66	139	6	232
133	208	215	154	5	69	206	69	145	12	228
129	209	220	159	8	65	208	72	147	8	227
129	208	226	156	3	61	210	78	151	11	222
129	213	222	161	0	61	216	72	152	12	228
130	216	220	159	0	55	220	78	156	10	229
133	217	221	153	0	58	221	78	159	14	228
139	218	224	155	5	58	218	84	154	15	222
134	218	220	151	0	54	220	84	152	17	220
131	221	223	154	1	49	223	83	152	19	219
126	218	229	155	0	51	220	89	153	20	223
132	216	227	149	6	48	221	86	151	18	229
127	212	231	150	5	43	227	81	150	17	228
121	207	226	154	11	48	223	82	149	18	227
124	211	222	153	8	49	227	79	153	20	231
127	206	218	148	5	46	227	73	147	25	229
130	204	220	144	0	40	221	68	143	25	229
131	208	221	142	4	43	217	71	139	22	228
127	212	216	147	4	45	221	71	134	24	231
131	218	213	142	5	46	227	71	138	25	231
128	220	219	145	11	48	223	70	140	24	231
132	216	222	145	9	54	229	72	138	29	227
135	210	218	139	10	54	225	68	133	29	231
138	211	221	135	8	50	224	66	138	31	232
132	208	221	136	13	51	218	69	143	26	227
130	211	222	139	19	47	213	63	142	28	222
134	208	218	144	21	52	213	57	137	30	222
131	207	214	147	20	56	212	57	134	25	219
137	205	214	152	15	54	211	54	129	29	215
139	208	208	156	20	54	216	54	126	27	213
136	204	213	160	18	56	218	52	127	28	208
135	202	214	164	17	54	223	52	122	23	206
136	201	214	161	19	57	220	58	120	18	202
135	202	217	160	24	51	225	62	117	18	197
140	203	211	155	27	47	220	56	115	21	199
142	208	217	151	30	53	214	54	113	16	202
137	208	215	152	29	55	216	50	112	15	204
133	210	209	155	23	50	220	46	109	16	203
139	214	207	161	19	56	214	48	104	11	206
134	218	201	162	17	52	210	44	105	6	210
133	223	198	161	22	54	208	41	101	4	214
137	222	199	159	18	50	210	37	101	7	219
134	225	197	158	18	48	216	40	106	12	213
131	224	193	161	19	45	213	38	100	10	216
135	228	187	155	22	39	212	41	99	14	213
129	228	190	155	21	35	206	40	104	12	217
125	226	195	160	20	35	208	38	106	14	219
128	230	201	157	19	39	210	33	102	12	218
132	235	199	155	25	40	208	28	97	8	220
134	236	200	155	26	34	211	31	95	5	221
130	234	203	156	25	32	217	26	101	1	227
129	228	197	159	27	26	223	21	97	6	222
125	234	202	162	24	31	226	25	103	5	225
126	237	208	158	25	29	229	29	107	10	221
127	236	211	156	21	34	225	26	111	11	226
122	233	211	151	22	35	230	20	111	16	221
119	232	208	148	23	31	227	23	108	18	227
118	228	212	145	21	25	223	23	114	13	223
124	223	209	143	18	25	226	28	110	10	229
124	225	207	147	21	30	224	34	112	7	234
123	222	210	149	21	31	218	31	106	6	236
119	223	215	155	21	28	222	28	107	7	241
116	227	214	153	18	34	224	30	108	10	243
119	224	211	151	14	32	221	35	112	15	237
124	229	212	157	9	31	222	33	106	12	235
122	231	210	163	3	27	222	37	111	9	235
119	232	207	163	4	33	217	40	106	15	240
124	229	208	161	8	35	211	46	103	18	235
129	234	206	155	6	38	206	43	104	19	233
123	230	204	157	2	43	201	48	105	17	236
128	229	203	153	0	37	198	49	105	21	233
134	224	200	158	6	36	202	51	102	27	239
138	220	202	163	5	33	206	46	98	32	241
136	219	205	161	9	35	209	49	98	27	246
139	216	207	155	13	33	215	52	101	31	251
144	218	213	151	10	30	210	46	96	31	247
148	219	219	153	15	31	210	52	99	35	250
146	217	218	151	18	34	216	47	105	32	255
147	215	215	149	23	38	219	42	104	38	255
151	215	221	154	24	41	215	41	108	40	255
154	219	227	148	21	38	218	46	111	35	255
159	214	228	144	25	32	217	46	111	37	255
159	211	225	145	24	26	216	40	105	35	255
165	214	220	149	27	32	222	34	99	37	255
170	209	223	148	31	35	226	37	102	35	254
175	214	217	152	30	29	229	35	97	40	253
179	217	219	153	30	29	234	33	100	35	255
175	211	225	156	34	26	235	29	105	40	253
175	215	228	153	35	20	231	31	102	45	247
181	210	233	156	29	17	233	25	104	44	253
182	204	235	151	23	23	232	25	102	48	255
181	201	235	148	17	18	229	24	96	48	255
180	205	233	154	20	21	228	18	100	48	255
185	202	233	148	23	22	226	17	106	54	255
185	208	231	153	24	22	223	17	104	57	255
186	211	232	149	19	28	218	14	98	59	255
186	211	230	153	14	29	219	8	95	64	254
188	207	235	148	15	29	225	7	90	67	252
188	206	233	148	18	33	220	9	86	70	255
191	200	228	144	16	31	219	12	80	64	253
186	194	225	138	22	25	224	13	77	60	249
190	189	226	141	17	26	226	8	77	61	243
185	190	221	145	14	28	222	10	76	56	240
185	192	218	144	12	32	218	14	74	53	236
180	198	212	147	6	26	212	17	69	58	236
174	193	207	152	0	23	212	19	71	52	237
177	195	208	154	0	27	214	24	68	58	234
175	196	211	156	6	26	219	20	62	57	234
176	196	214	150	11	21	220	15	64	54	228
177	194	215	154	9	16	214	19	64	51	227
177	188	219	157	12	13	218	14	67	54	230
183	185	213	160	8	12	214	13	71	48	230
183	188	207	161	6	17	212	10	76	51	234
182	191	205	162	4	18	215	11	80	56	238
178	190	206	161	0	23	216	9	78	60	240
182	193	208	163	3	22	218	15	84	60	246
185	187	209	162	2	24	224	15	81	55	250
186	185	208	166	0	23	230	15	86	59	249
180	182	207	167	1	17	227	20	87	58	243
186	176	202	173	0	22	231	16	81	63	237
188	180	201	177	0	28	225	12	82	60	242
187	185	203	175	4	28	219	7	85	54	239
189	186	199	179	3	29	225	10	88	48	237
187	192	203	178	1	28	219	14	82	46	243
184	186	200	177	2	23	215	18	87	41	249
183	188	198	178	4	27	214	13	82	37	251
183	182	193	177	1	32	211	11	81	42	255
177	186	190	173	4	35	213	16	82	41	255
174	189	189	168	0	31	211	17	76	39	250
172	190	185	174	0	34	215	13	70	33	252
174	194	181	175	5	28	214	19	71	34	255
177	199	184	180	2	22	219	20	65	37	255
173	204	180	178	0	17	221	18	71	32	251
170	201	178	179	6	19	219	12	74	26	255
165	201	181	182	9	19	221	12	74	21	251
168	201	183	187	14	24	224	6	75	27	248
165	203	188	184	20	29	220	11	78	30	242
161	207	191	178	23	35	218	10	76	34	245
158	208	186	183	27	29	217	7	77	29	250
154	213	190	184	30	32	214	10	73	32	254
153	213	188	178	29	28	214	8	72	28	249
154	213	191	179	26	28	210	8	68	22	250
154	215	195	173	20	27	213	12	65	20	253
149	212	198	175	23	30	219	9	61	21	247
153	206	194	171	23	31	216	15	60	20	252
155	211	200	174	26	31	212	17	60	16	255
152	210	201	175	22	28	214	22	55	14	255
151	211	206	177	23	27	218	26	55	20	255
146	213	204	178	29	21	223	24	61	23	255
143	218	204	183	35	25	222	23	65	21	255
148	213	202	181	35	20	216	21	69	22	255
146	212	201	184	29	15	218	19	75	27	255
145	206	206	178	23	21	222	13	70	24	251
149	210	201	172	21	25	225	13	68	19	246
148	211	203	175	17	25	227	15	68	20	252
153	208	203	177	20	19	224	20	62	18	255
151	213	204	181	26	15	218	24	62	13	255
152	213	209	177	28	11	213	22	65	10	255
157	208	214	181	28	5	214	22	65	9	251
163	210	208	178	28	3	208	18	65	8	253
158	206	205	173	24	1	214	22	59	3	255
162	200	203	175	26	5	213	25	53	5	254
165	198	204	172	28	8	212	25	53	4	251
161	196	206	178	29	13	208	21	57	3	251
160	197	203	179	28	12	214	25	63	2	250
156	197	198	183	34	12	211	27	58	4	251
156	195	201	188	37	9	210	27	56	0	248
157	197	196	185	32	6	211	27	51	0	253
163	200	202	186	34	10	210	23	46	6	255
169	205	202	191	34	11	213	26	48	11	255
168	209	196	187	36	8	213	29	50	17	255
171	204	195	184	35	6	207	28	45	12	255
172	206	201	181	33	2	209	33	45	13	250
166	207	199	177	37	0	207	30	48	13	255
163	207	200	174	43	0	205	32	49	17	251
161	207	206	175	45	0	208	32	54	14	246
163	203	212	170	39	0	209	34	50	17	245
165	207	211	174	44	2	205	31	54	22	248
171	213	205	175	38	0	200	33	53	23	254
169	218	199	170	35	0	195	32	59	26	255
167	212	197	171	31	0	191	31	54	21	255
170	213	200	173	25	1	185	25	57	20	255
164	214	203	178	24	2	179	21	53	24	253
162	210	206	181	30	0	179	15	54	30	255
166	214	211	178	27	0	182	21	56	28	254
166	211	207	172	25	5	178	24	59	24	254
170	214	213	172	29	0	184	21	60	19	255
169	217	216	170	23	6	188	22	60	14	255
175	214	216	175	26	7	187	19	55	15	255
181	217	218	175	31	3	184	16	56	20	250
179	216	214	169	29	3	190	18	52	19	244
177	213	215	166	34	1	190	17	56	21	249
182	209	216	172	28	6	190	16	52	24	251
178	203	213	169	30	6	189	17	48	29	251
184	208	211	174	30	3	188	15	53	33	246
186	203	207	176	26	0	194	15	58	35	251
182	208	206	176	20	0	192	9	60	41	246
177	211	203	182	19	0	189	4	56	37	249
183	210	202	180	15	4	188	0	56	37	254
189	207	202	178	14	5	193	3	60	33	255
185	208	205	184	13	9	196	2	65	27	252
186	209	205	184	8	14	192	0	70	27	255
184	204	202	178	4	16	190	0	73	23	255
185	208	205	172	0	14	195	0	70	29	255
185	212	207	172	1	17	198	0	66	27	251
187	211	212	170	0	21	198	0	70	27	255
184	213	211	167	0	16	198	0	67	26	253
183	207	208	164	0	11	201	0	73	24	254
186	209	214	164	0	13	200	0	79	18	249
188	214	215	167	0	18	197	0	84	18	250
185	218	220	171	0	24	193	2	81	15	255
191	214	218	169	4	26	191	3	86	13	255
194	208	219	165	0	22	190	8	81	11	255
196	202	222	167	2	16	193	9	77	15	255
202	206	216	163	1	10	190	15	72	14	250
208	206	220	168	4	8	189	16	77	11	244
209	208	225	170	0	4	192	18	73	17	242
211	210	231	169	0	6	198	16	68	17	240
205	213	237	169	5	4	194	14	63	17	237
203	208	242	173	3	2	190	17	69	15	241
203	205	236	170	5	3	184	16	75	14	245
202	201	231	165	5	0	190	21	73	20	245
200	198	228	161	10	0	188	16	67	16	250
196	203	230	167	9	0	185	22	65	13	246
194	200	224	172	12	4	181	17	63	15	248
196	204	230	177	17	7	176	15	67	9	254
195	198	228	172	13	9	179	12	73	9	250
196	200	226	170	8	8	173	9	74	4	244
200	204	231	174	10	10	173	8	72	8	241
205	207	229	176	10	10	172	7	75	8	244
211	212	224	182	6	12	172	12	77	5	243
217	212	223	176	4	10	178	18	80	10	244
220	216	227	178	5	14	175	15	74	8	239
217	215	227	173	3	17	171	13	71	2	239
212	209	227	177	0	16	168	19	76	3	235
207	211	233	174	2	21	169	21	71	0	235
207	217	233	174	7	16	166	26	76	0	233
202	222	237	174	9	15	168	28	73	5	239
197	221	241	170	14	9	162	31	78	4	241
197	216	241	172	14	8	157	27	75	7	235
191	222	246	173	19	2	162	33	77	13	234
196	222	246	176	13	0	166	34	71	9	230
194	225	250	180	17	5	164	39	75	5	231
198	220	244	184	12	0	160	36	78	4	229
200	223	239	190	11	6	155	32	75	1	232
203	219	243	190	17	7	155	26	69	1	228
200	213	243	186	18	4	154	20	66	3	228
194	211	240	192	23	5	157	18	70	8	232
195	205	239	191	18	3	151	23	69	10	230
194	201	236	187	20	8	151	28	71	8	232
190	199	235	184	15	10	152	22	68	6	235
188	203	229	182	15	7	149	17	72	6	230
185	205	226	185	16	10	148	15	72	8	236
186	207	228	186	20	8	143	15	76	6	232
186	210	228	181	17	8	143	14	77	0	238
185	209	233	177	16	13	144	10	73	0	237
183	214	227	173	20	8	150	11	71	0	239
183	218	225	174	14	5	145	14	65	1	243
178	219	225	171	10	3	148	13	68	0	241
177	220	226	169	7	0	142	12	68	0	237
179	219	230	166	3	0	148	7	66	4	243
175	217	234	166	2	0	149	11	66	3	238
172	223	229	169	0	2	148	7	63	5	235
172	221	230	163	0	0	142	8	66	4	231
171	225	234	167	0	4	136	8	64	3	225
168	226	236	169	4	0	131	12	69	8	226
172	225	238	164	7	4	131	14	64	12	227
176	221	236	161	3	10	134	19	60	18	225
181	217	238	166	0	16	139	22	64	12	229
177	221	240	164	0	16	143	21	66	12	231
177	215	246	169	0	17	147	26	60	7	230
176	218	243	169	0	18	143	25	64	10	227
173	218	239	170	4	15	137	31	59	14	233
175	224	234	175	4	21	134	29	58	12	235
172	223	238	181	8	15	139	26	53	6	239
170	220	236	183	4	14	136	22	47	7	236
170	214	230	186	0	8	142	19	53	12	240
173	220	230	189	0	8	141	20	58	8	245
174	221	229	193	0	14	139	26	55	9	249
177	227	234	198	4	18	140	28	53	14	250
179	227	231	202	5	17	142	26	49	17	247
174	225	227	202	3	17	139	21	52	13	245
171	222	224	198	9	13	140	18	47	12	248
173	222	223	196	9	16	143	20	48	8	254
175	223	221	202	8	17	140	19	54	4	253
172	217	225	201	2	12	142	25	55	9	255
172	213	221	205	2	12	140	19	55	3	255
167	208	216	209	2	13	142	18	52	8	253
171	208	214	215	2	17	148	19	46	5	249
177	206	214	215	8	23	152	15	41	8	254
174	203	215	219	4	21	156	18	40	12	254
177	204	221	225	7	23	159	22	46	15	255
171	206	216	226	6	23	156	19	40	9	253
175	205	211	221	5	22	161	17	36	13	250
172	211	216	224	6	22	156	17	30	19	251
172	217	220	222	9	27	153	22	34	25	246
167	223	218	224	9	30	150	26	36	28	246
170	223	223	221	6	32	150	22	31	26	242
171	229	225	218	11	27	151	21	32	28	241
167	235	220	217	11	30	147	23	36	24	238
162	233	216	216	8	31	144	27	35	28	238
163	227	219	216	9	29	148	30	39	24	236
169	228	217	214	5	30	150	24	37	24	241
166	234	215	216	5	26	145	21	39	21	246
164	238	216	219	6	24	151	26	35	16	245
159	239	215	216	6	23	148	21	33	13	249
153	239	217	220	1	26	142	24	31	12	247
147	236	216	219	0	30	142	20	27	9	246
147	241	216	216	4	36	142	21	27	5	240
145	236	212	210	7	31	139	18	28	9	236
145	236	209	205	11	36	145	13	30	10	234
149	234	207	205	16	35	142	17	30	9	229
151	232	212	211	19	35	144	20	29	13	228
157	230	214	211	19	32	146	21	27	11	228
156	226	212	214	14	28	146	27	30	10	224
162	230	210	210	13	22	143	22	33	4	226
168	236	208	213	19	21	137	26	37	10	222
162	231	202	212	17	25	139	27	37	9	223
166	235	205	209	21	27	141	26	35	8	221
161	241	199	212	16	21	144	20	35	4	221
161	242	198	213	11	24	142	24	31	9	226
157	245	194	215	8	27	144	22	29	14	222
161	248	193	212	11	21	141	18	35	18	221
166	244	197	214	10	23	145	15	37	13	220
164	243	203	214	5	17	141	11	40	13	220
162	247	205	208	7	21	137	5	41	14	223
165	253	207	212	2	26	135	3	41	13	228
171	252	210	215	0	29	140	0	35	13	225
172	255	216	215	6	30	146	6	39	16	220
178	255	211	209	5	28	150	0	33	19	215
178	254	208	214	1	26	152	0	31	22	217
181	255	208	220	3	22	153	4	31	20	219
179	254	204	224	9	23	158	2	25	25	221
185	253	207	223	9	21	161	3	23	29	223
180	253	203	224	8	23	160	6	22	35	224
185	255	203	218	6	28	154	1	23	34	228
180	252	204	215	5	24	158	0	26	33	225
179	255	202	209	8	23	153	0	31	32	229
184	255	199	213	5	19	151	0	31	29	224
182	255	199	211	5	18	150	0	33	26	220
177	252	200	207	5	15	148	0	30	22	221
174	251	200	212	6	20	144	0	33	17	221
176	247	198	218	0	22	139	0	28	20	221
175	249	197	220	4	18	144	0	25	20	217
174	245	202	217	0	17	141	3	31	18	219
169	247	204	213	2	12	138	7	37	13	225
172	251	203	212	0	16	140	2	34	7	231
173	248	209	208	0	10	142	1	36	9	228
174	251	207	211	0	15	140	3	33	4	227
177	254	211	217	5	20	146	0	29	8	223
172	255	211	216	1	24	143	0	32	8	221
171	250	208	219	3	29	148	0	38	3	224
169	251	214	214	0	35	143	0	41	6	222
168	248	215	210	2	33	138	5	45	4	225
174	252	220	205	0	33	137	7	45	0	231
173	246	217	207	0	32	131	8	49	0	236
178	248	218	209	0	33	126	2	53	6	236
180	246	212	213	0	39	125	0	50	6	242
176	243	216	219	1	40	119	0	47	1	242
181	247	211	213	0	40	114	0	44	0	238
185	241	208	213	0	38	110	1	46	5	238