SINAL	ATTEN	MED	H.A	L.A	H.B	L.B	M.G	L.G	THE	DEL
100	5	245	27	111	26	83	105	152	165	220
100	2	248	24	106	20	78	107	157	165	215
106	3	250	19	112	25	74	105	153	171	212
106	1	249	19	109	30	76	100	149	175	213
104	6	254	24	107	28	77	101	153	176	209
109	6	255	21	101	27	83	104	157	181	214
109	7	249	16	102	30	82	106	155	176	209
107	7	252	18	105	25	85	101	154	178	214
111	3	251	22	103	20	91	95	157	182	208
114	0	255	23	99	25	95	90	154	180	208
112	0	254	18	104	23	92	94	154	186	202
109	0	249	20	99	29	87	91	149	189	206
107	0	255	20	105	28	90	85	155	191	206
111	0	253	22	105	24	86	89	157	192	208
107	0	251	18	110	25	89	90	152	198	213
110	0	248	12	107	31	89	96	146	195	207
114	0	253	7	112	34	94	97	150	190	213
116	0	255	13	106	37	88	103	145	192	210
121	6	255	8	104	37	85	108	147	192	207
116	5	252	3	107	40	80	104	147	190	213
117	9	249	8	107	36	84	101	145	194	214
112	14	253	8	104	38	85	107	148	197	212
117	8	255	8	106	44	79	109	152	203	217
122	2	255	9	111	43	80	103	156	202	214
121	0	252	13	106	42	76	99	159	201	218
120	6	249	16	108	47	72	95	162	197	214
118	3	246	20	107	41	73	95	162	203	215
120	0	240	20	108	42	73	95	158	209	214
119	0	235	21	114	36	67	92	157	203	212
122	6	240	20	116	42	62	98	160	207	210
127	1	244	18	113	37	63	97	166	202	205
121	6	242	23	118	31	65	97	167	199	209
117	9	237	23	123	37	71	92	166	193	203
111	13	231	22	124	34	77	92	167	198	205
109	12	236	23	128	38	74	89	163	192	202
106	7	236	23	125	40	76	94	162	190	205
107	1	233	22	120	39	72	96	164	188	207
107	0	237	16	125	41	69	94	169	190	204
103	3	238	15	122	45	71	91	168	188	209
102	7	234	13	126	48	72	90	168	192	215
108	7	233	17	128	54	77	96	171	191	220
106	1	235	21	125	49	76	102	177	194	222
103	0	235	24	128	47	70	100	172	192	227
100	1	238	18	128	52	73	104	172	197	223
103	0	239	16	129	53	75	103	177	202	228
105	6	245	21	134	52	72	105	174	202	222
100	7	249	18	135	56	72	104	178	201	224
100	10	252	18	136	50	77	103	178	204	222
95	9	255	15	135	49	78	100	176	204	225
94	13	255	10	136	43	82	99	170	207	227
91	18	253	7	141	42	78	101	175	202	226
95	15	254	1	136	37	81	105	175	198	224
101	15	255	4	141	38	78	100	179	204	224
99	14	252	7	147	44	82	103	179	200	229
102	19	246	9	145	42	78	106	185	197	225
103	15	249	8	144	37	79	110	189	197	227
100	14	247	9	149	32	75	116	194	196	233
94	14	245	8	150	38	69	120	191	195	238
89	8	240	4	150	38	71	119	191	194	233
90	6	237	6	154	39	66	124	189	196	230
86	5	238	11	155	36	64	124	189	201	230
84	3	239	6	161	32	59	125	183	202	230
82	0	236	3	167	30	61	121	182	201	224
79	5	242	2	161	27	65	120	184	200	218
79	5	244	7	160	21	71	115	189	205	213
75	7	248	7	158	22	77	121	192	199	219
76	3	252	4	154	19	71	123	188	201	225
77	6	252	0	156	22	67	123	189	196	223
79	8	251	1	162	20	71	117	183	202	226
75	5	253	5	168	16	66	121	188	198	228
70	6	251	0	163	19	70	119	184	202	225
64	11	252	0	158	22	70	124	184	203	224
59	5	255	6	163	19	70	118	185	204	221
58	10	255	2	161	17	64	124	186	202	218
63	15	250	0	159	12	66	128	182	202	222
58	17	246	0	159	11	70	128	176	196	226
61	22	242	0	157	9	64	129	179	198	230
67	23	248	0	162	3	61	133	185	202	234
64	26	247	6	166	5	60	137	190	208	237
66	22	251	4	160	0	65	136	190	209	237
63	24	249	9	155	0	66	132	188	213	233
65	19	255	11	151	2	70	134	192	217	233
65	21	255	17	154	3	67	129	193	221	233
70	15	250	19	154	5	72	123	197	215	238
75	20	246	23	157	7	77	122	202	217	233
78	22	251	25	160	3	79	125	204	220	231
72	24	254	30	155	3	74	129	204	221	234
77	26	249	36	152	1	78	133	203	217	235
82	27	250	32	148	0	77	132	201	223	229
81	21	250	28	149	0	76	128	203	223	227
75	24	254	25	150	0	77	134	197	224	230
79	18	250	31	154	2	79	137	196	226	231
81	20	255	33	151	2	84	133	191	225	233
75	22	255	30	146	0	86	135	189	225	231
79	23	255	24	148	5	84	135	190	219	230
79	26	252	20	151	0	81	135	190	220	231
84	32	246	14	146	4	78	133	191	214	230
85	38	244	15	148	4	72	132	197	211	230
85	43	240	9	149	9	73	137	203	217	235
81	45	245	11	151	3	70	137	204	219	229
87	39	245	12	154	7	75	134	199	223	229
82	41	239	18	148	3	79	140	202	219	235
84	44	241	18	142	3	81	145	197	214	234
83	46	235	17	143	5	75	148	200	219	234
77	49	240	21	140	5	79	146	194	214	237
77	55	241	22	141	3	80	146	198	213	241
73	57	246	17	138	1	76	146	202	213	243
75	52	241	20	136	2	75	151	201	215	240
75	48	244	15	131	2	73	146	203	214	236
81	49	240	15	126	0	74	145	205	208	239
76	45	240	15	126	0	71	148	210	202	236
78	46	241	11	125	0	66	144	210	208	236
83	48	247	11	120	0	71	145	211	212	237
88	48	246	12	124	0	74	142	217	218	234
87	48	242	8	122	3	78	141	217	221	231
83	46	241	6	119	1	80	142	217	219	228
84	42	236	2	124	0	77	147	219	215	226
84	40	237	5	120	0	76	142	216	209	228
81	45	243	5	126	1	76	144	221	208	230
77	42	239	11	121	4	70	141	226	207	236
72	39	237	9	117	8	74	142	229	210	234
67	44	232	14	121	11	69	147	228	212	237
62	41	226	20	117	9	70	146	234	213	243
57	44	224	23	121	13	66	148	232	211	249
52	41	222	28	124	13	61	144	231	206	254
57	43	225	25	127	14	58	138	234	203	255
58	38	219	29	125	17	55	134	238	204	254
56	36	216	34	129	12	58	140	238	206	255
51	31	219	33	125	13	62	134	237	204	255
55	25	225	32	126	19	57	133	242	207	255
51	27	226	34	126	16	53	130	243	201	255
56	24	225	31	129	16	47	133	241	200	253
57	25	223	30	124	19	52	139	235	195	255
55	22	229	25	125	24	54	145	237	193	255
53	24	231	31	120	20	58	146	239	197	255
47	19	234	27	114	25	62	141	239	201	250
44	17	233	32	108	30	66	147	243	206	254
40	16	233	38	103	35	70	153	239	201	254
34	22	233	40	109	36	76	157	244	199	249
37	18	229	40	108	33	76	161	246	195	244
36	21	224	37	108	39	71	162	251	193	240
39	22	223	41	103	39	71	161	252	187	244
33	21	220	39	104	44	74	166	249	185	243
37	25	216	45	106	45	68	171	252	188	244
40	21	212	46	107	47	68	169	253	186	245
43	17	207	51	108	53	68	170	247	187	241
38	16	209	55	104	52	74	165	251	193	240
39	18	203	51	107	49	70	160	247	194	235
35	22	201	45	113	46	74	156	248	200	231
36	17	196	45	119	41	75	158	248	206	231
40	15	191	50	125	44	70	153	250	207	227
45	10	197	44	129	46	73	151	251	203	222
47	8	193	46	125	47	71	152	255	206	221
50	5	192	48	123	51	76	150	250	200	222
47	8	193	43	126	56	82	146	248	200	225
45	13	192	37	123	50	88	146	254	196	220
47	15	193	39	126	48	88	151	255	192	214
53	10	197	42	126	43	83	155	253	194	218
50	8	200	36	132	49	80	150	254	194	214
55	12	196	34	127	50	84	144	255	195	210
61	15	193	37	132	52	86	140	255	197	204
61	21	187	33	129	53	90	139	249	199	202
62	21	192	28	128	58	96	133	243	204	203
65	15	193	23	123	53	97	138	243	208	207
69	17	198	20	127	59	95	140	238	206	213
63	22	193	21	124	58	101	141	240	204	212
65	28	195	24	121	64	95	138	237	204	207
61	25	196	24	118	69	94	135	233	200	206
64	29	199	30	116	74	92	141	235	203	211
59	29	203	28	121	76	94	135	234	207	215
58	32	207	28	125	74	90	130	233	202	219
53	32	212	28	119	74	88	136	232	198	224
53	34	211	34	116	74	91	138	235	203	225
50	33	212	37	116	77	89	141	237	203	227
51	29	217	41	112	75	91	138	236	202	228
51	32	219	37	112	70	88	142	238	207	230
51	27	217	42	117	68	86	144	235	205	231
56	27	216	43	118	63	92	139	237	207	232
55	28	221	44	121	60	86	138	236	207	234
61	26	222	42	117	58	87	138	241	204	240
55	22	226	41	120	57	93	141	243	201	241
50	25	224	39	123	54	93	140	241	196	246
47	26	221	36	129	59	94	135	237	196	247
45	20	221	41	126	61	96	133	241	196	252
41	22	221	42	124	55	102	134	240	199	255
45	20	226	40	121	61	105	128	239	205	251
45	18	221	40	124	59	109	128	235	205	252
43	24	226	37	124	56	114	133	231	207	252
45	21	228	33	130	58	114	139	226	201	248
45	24	230	27	136	63	116	144	223	199	243
42	28	235	21	136	66	122	138	223	200	249
44	22	230	16	136	62	128	144	218	199	248
40	25	224	16	136	62	131	150	223	203	245
36	20	230	19	138	57	127	155	217	200	244
38	21	233	15	141	57	125	158	214	203	248
36	21	239	15	138	61	131	160	209	201	244
40	22	235	11	139	58	132	154	209	205	245
37	18	234	16	141	54	128	159	214	199	243
32	16	238	14	140	59	122	165	213	202	237
28	10	242	20	136	55	121	164	208	197	238
22	16	239	19	135	58	121	163	206	198	237
26	15	245	20	131	56	127	169	212	199	231
25	11	245	21	129	55	122	171	209	193	231
27	10	250	27	131	51	128	165	211	188	228
22	9	251	26	126	45	131	170	209	186	228
25	12	250	30	131	43	132	167	205	181	225
21	6	252	26	127	48	133	168	210	185	230
27	5	248	29	132	46	133	164	210	183	224
33	2	243	35	127	43	131	166	207	184	219
37	2	246	35	132	42	137	164	207	185	224
36	8	246	33	132	46	133	167	204	186	226
31	13	248	30	126	46	137	165	202	190	225
29	13	248	29	131	47	134	162	198	190	227
26	19	243	32	136	42	132	159	204	187	228
32	13	246	27	130	40	135	158	198	191	222
36	8	252	25	128	35	131	158	192	188	223
35	3	255	29	133	36	133	159	186	188	228
30	2	255	23	135	41	132	158	192	190	232
33	0	253	29	138	39	132	162	190	191	230
39	0	253	29	142	38	128	163	193	188	234
35	0	254	28	138	36	129	169	198	194	231
34	0	250	30	140	31	125	165	200	189	231
29	0	253	26	145	26	120	171	205	186	225
34	6	247	20	149	23	124	176	204	181	224
32	10	248	17	145	20	130	175	199	182	225
32	11	242	12	151	16	136	173	199	186	219
30	5	246	14	145	18	134	174	196	186	215
32	0	242	16	144	20	132	178	202	187	220
37	3	238	13	139	21	128	179	201	192	223
31	9	240	14	137	18	129	184	200	186	223
25	7	238	20	138	12	129	182	201	183	224
24	6	239	18	139	9	128	186	203	182	225
29	7	239	12	139	13	124	186	202	177	230
35	5	235	16	133	16	124	184	203	179	229
40	3	232	19	128	12	128	188	203	174	235
37	3	235	13	128	10	127	191	200	172	240
36	0	235	16	132	8	128	196	205	167	243
32	0	239	14	136	7	128	192	201	169	243
30	0	242	19	136	8	126	195	196	166	243
31	5	246	15	137	12	123	192	198	162	245
35	6	249	14	137	18	123	190	196	168	245
31	6	248	17	139	21	120	194	190	168	243
25	9	245	23	143	23	122	193	188	164	240
30	14	251	29	145	26	117	192	187	167	235
26	10	249	24	140	29	112	189	185	172	231
20	9	247	20	136	35	113	187	184	167	230
20	8	249	22	130	29	110	191	186	162	234
21	6	248	17	134	30	104	196	186	161	230
16	5	250	22	129	30	102	199	187	155	225
22	6	249	22	131	28	106	205	183	152	230
27	2	243	21	125	26	101	204	188	157	232
21	5	246	27	125	27	105	201	188	157	233
22	0	244	27	119	24	102	202	186	155	230
28	0	240	21	116	29	108	206	186	156	236
24	4	240	24	111	24	107	207	183	153	237
18	6	234	27	116	21	102	201	180	154	233
15	12	231	30	111	20	100	203	176	160	235
10	13	232	26	107	21	94	198	170	160	235
12	18	237	25	109	26	91	203	175	160	234
13	16	241	28	103	27	95	209	179	164	236
9	14	246	29	98	30	97	215	175	168	235
10	18	249	35	104	35	97	215	173	163	238
16	19	249	29	107	36	94	212	170	163	233
12	18	253	27	105	36	89	214	166	159	234
6	20	255	25	109	35	88	211	170	156	237
0	21	255	30	108	35	84	213	172	153	237
5	19	255	32	107	34	86	219	166	152	242
9	16	249	38	112	40	90	223	172	151	239
11	18	246	44	106	38	93	219	174	151	238
15	22	247	50	112	35	91	216	176	155	233
15	17	244	47	108	36	93	216	177	151	236
18	11	245	45	107	30	88	211	177	149	238
22	15	250	49	105	33	93	216	173	145	236
24	17	253	46	111	35	97	220	178	147	235
21	23	255	44	109	34	98	223	179	147	231
16	26	255	46	106	28	98	222	173	146	232
22	27	252	47	103	29	104	221	172	152	228
22	32	255	43	99	35	105	221	176	150	225
19	31	253	41	93	31	110	218	176	156	220
15	31	255	46	94	31	114	223	177	162	225
21	32	253	46	89	27	109	218	179	156	219
17	27	249	51	87	21	112	213	183	162	222
12	29	254	53	84	16	118	216	186	162	220
11	28	251	59	90	18	112	218	184	166	219
17	23	255	60	87	15	106	215	185	167	214
12	25	255	63	84	16	106	217	191	168	210
6	26	255	59	80	22	108	221	187	163	213
4	32	253	53	80	26	105	223	192	167	219
6	38	255	52	81	23	109	226	198	169	224
6	38	249	46	82	17	106	230	194	168	220
6	35	251	44	77	21	103	224	191	170	218
11	37	251	50	75	21	102	229	192	171	224
16	41	247	47	72	21	100	233	197	177	225
21	42	247	49	66	18	98	235	200	183	230
20	44	247	54	69	19	103	237	205	178	232
25	49	249	57	66	19	108	232	211	176	234
22	53	243	62	67	25	104	236	206	181	235
26	50	241	66	68	22	109	234	212	184	234
23	47	245	65	72	23	113	233	218	179	240
17	53	244	59	69	29	110	227	219	182	246
11	58	247	54	69	33	112	226	224	186	246
12	64	249	49	73	28	113	226	228	183	252
7	66	251	50	69	32	109	230	231	180	255
10	70	253	56	67	31	112	225	228	182	250
11	74	255	59	70	35	109	223	228	180	244
13	71	249	64	75	29	107	217	231	177	242
7	74	243	61	74	32	104	212	225	177	248
9	79	239	64	72	30	99	206	231	176	247
12	73	238	70	78	36	97	204	233	181	250
17	68	236	66	78	34	98	207	230	184	255
20	67	241	65	83	37	95	208	224	190	250
24	71	243	63	82	35	90	210	226	196	252
26	68	243	58	78	29	94	214	221	196	247
24	65	242	53	81	31	89	213	220	191	249
20	65	243	53	84	26	86	219	225	191	243
26	70	244	55	86	27	90	219	219	192	249
27	71	238	57	88	23	87	222	223	197	253
21	65	232	52	87	21	81	224	218	200	248
15	71	235	55	82	24	80	223	224	198	253
11	77	241	56	83	20	85	217	227	202	255
8	80	236	62	87	16	84	221	221	203	255
5	78	237	63	81	13	83	225	222	197	255
11	75	242	60	86	7	86	224	219	192	255
10	75	246	61	89	6	83	222	213	191	255
8	76	241	60	87	9	87	224	218	195	251
2	82	245	54	83	12	86	223	221	193	255
5	76	246	59	86	6	82	221	226	196	255
9	81	243	55	83	7	82	220	224	200	255
5	75	240	52	77	11	81	216	218	204	255
7	77	246	52	78	17	78	220	224	199	255
1	72	241	54	82	15	78	220	218	196	255
5	69	240	53	88	13	83	214	213	201	255
8	66	246	52	94	15	87	211	216	201	255
9	66	250	47	89	10	87	205	219	205	255
11	67	255	43	88	10	90	205	213	200	255
5	63	250	45	83	10	91	204	212	197	251
10	62	247	48	77	12	95	208	218	191	246
15	62	250	52	77	13	99	211	213	192	246
14	58	249	53	78	7	105	216	214	191	246
12	61	248	50	73	9	99	222	208	187	243
16	66	249	48	78	13	102	222	204	182	245
12	69	253	50	80	11	96	228	208	188	243
10	64	255	48	83	16	92	229	211	192	237
15	58	255	44	79	17	92	228	205	189	239
21	58	254	43	79	13	92	234	205	184	241
26	54	254	38	73	7	94	231	206	189	235
22	60	255	43	67	1	90	231	203	183	235
22	61	254	41	70	0	87	232	204	182	238
24	67	255	46	75	4	86	232	202	184	236
27	63	255	49	71	3	92	236	208	187	237
31	64	255	53	74	2	93	234	204	189	232
36	64	249	48	68	8	96	231	198	189	233
39	70	246	54	74	8	91	237	193	190	234
33	70	249	57	78	14	90	239	197	188	236
38	76	245	63	78	10	92	238	202	194	240
44	74	243	67	78	8	92	232	197	197	244
46	78	244	61	73	6	92	226	194	197	240
43	79	243	63	79	5	86	228	193	202	238
44	79	247	60	80	0	91	224	198	207	233
42	77	249	59	75	0	91	228	201	209	232
43	73	244	54	73	0	85	228	199	214	234
41	79	239	48	72	0	84	229	197	217	235
38	74	237	46	76	0	90	231	196	223	236
32	75	239	45	74	0	94	231	193	220	242
26	70	244	50	69	2	96	227	193	224	241
20	66	249	52	66	2	96	228	192	219	245
22	66	249	52	71	5	101	227	198	217	251
26	62	243	48	72	6	100	223	195	211	255
25	62	242	49	70	6	99	221	194	208	255
30	62	237	53	75	11	93	221	194	211	252
26	60	242	48	71	6	97	219	191	208	252
20	65	238	48	65	11	94	213	186	204	254
19	64	243	52	69	16	95	214	183	210	248
19	65	237	46	66	12	91	210	185	213	244
21	61	241	45	64	15	89	206	179	219	239
24	58	235	41	68	18	89	204	173	224	244
25	64	239	47	66	14	83	205	174	228	242
26	60	242	52	63	17	80	200	178	227	239
21	54	241	53	65	15	85	204	182	223	238
26	49	238	48	66	21	86	204	184	225	236
26	49	239	46	67	16	81	200	182	223	237
25	53	244	52	63	22	82	195	185	222	236
27	47	242	54	58	18	85	194	182	224	238
31	49	243	52	58	19	81	196	178	229	240
35	50	242	57	55	20	85	193	172	228	234
35	44	245	58	60	25	79	196	171	230	229
33	43	244	56	58	29	78	192	166	227	234
33	45	247	61	53	25	73	194	168	221	234
28	51	248	59	49	21	77	196	166	222	236
28	47	244	64	44	21	78	195	171	220	234
25	47	245	64	41	27	81	201	167	217	232
29	44	251	60	43	22	81	202	167	221	229
24	38	245	54	46	24	75	208	169	226	234
22	36	239	51	43	25	81	204	171	230	233
26	34	235	48	41	31	79	199	177	227	233
26	32	237	42	43	25	85	196	171	224	231
21	37	236	43	45	27	87	200	168	219	229
27	39	239	37	51	27	91	198	162	223	229
27	34	238	41	53	28	91	196	156	222	232
27	37	238	39	55	26	94	199	151	216	231
33	43	244	41	61	30	100	194	151	219	226
30	45	245	47	58	33	104	198	154	213	232
30	44	239	51	62	33	98	202	148	209	233
31	48	233	54	61	28	92	207	142	214	230
34	42	228	54	61	23	89	203	137	217	234
40	39	233	58	55	18	89	202	140	221	234
35	34	233	63	59	16	89	197	139	216	235
37	32	237	58	53	11	93	199	133	219	237
34	34	242	57	58	9	93	203	129	218	238
39	33	242	55	58	10	96	203	133	212	239
43	38	236	54	63	14	99	197	135	218	240
48	41	238	51	65	12	102	203	131	223	239
44	42	242	47	67	16	104	202	125	218	240
39	43	248	46	61	13	100	202	125	218	239
34	48	243	49	56	8	102	202	127	222	243
32	47	246	43	50	8	96	201	128	227	237
29	47	242	44	44	11	97	205	128	221	237
23	45	247	38	44	13	93	206	122	217	232
19	49	244	34	49	13	89	203	127	213	231
23	54	243	40	53	18	86	209	127	216	227
28	53	238	38	51	12	84	204	124	212	226
33	54	233	36	45	9	83	206	120	212	228
30	57	228	41	49	10	81	206	117	210	230
30	59	225	37	53	10	76	211	121	206	231
31	58	225	38	52	8	75	211	126	210	236
29	54	221	35	49	14	80	217	126	210	237
31	58	221	32	53	20	86	214	129	208	237
26	52	217	35	50	18	87	220	123	208	237
22	57	218	38	47	18	85	224	122	211	236
21	60	215	42	51	17	90	219	124	215	241
23	65	221	42	51	12	86	215	126	210	235
22	69	222	45	46	7	82	211	125	205	238
19	69	219	47	41	12	83	207	131	204	232
21	64	217	43	42	17	77	202	127	206	238
17	63	219	41	47	19	82	206	131	202	238
21	67	220	35	48	15	81	203	133	205	240
15	62	219	34	49	12	80	207	138	209	245
17	62	215	33	47	9	76	209	136	215	251
12	61	209	29	42	13	73	206	135	219	253
6	60	205	31	46	11	67	208	133	224	255
8	57	202	28	44	16	71	210	138	228	255
8	52	197	29	50	12	65	214	134	233	253
6	53	195	26	49	16	70	217	135	234	254
6	48	193	32	45	16	74	221	141	234	255
12	49	195	30	47	20	75	225	142	233	253
17	46	196	29	44	20	72	231	140	234	254
19	49	190	27	49	17	67	229	145	238	255
23	50	191	32	47	14	69	232	145	238	255
26	50	196	30	45	11	65	234	140	235	255
25	50	199	24	46	6	67	236	137	231	250
25	46	197	23	48	11	63	241	132	235	246
28	47	193	21	42	11	58	243	130	232	245
24	46	188	17	40	14	57	248	127	236	246
25	45	192	14	39	19	61	245	127	230	240
20	47	192	17	33	15	60	248	130	233	235
25	45	195	12	31	20	64	253	126	238	234
26	42	201	10	34	22	59	250	127	236	230
32	43	205	16	33	16	53	250	127	230	228
36	45	209	13	35	22	58	250	128	226	225
38	41	211	14	36	26	61	248	126	224	231
39	40	209	12	40	21	56	250	120	218	235
40	46	206	11	39	19	50	255	119	221	237
42	45	205	16	40	19	53	255	117	226	235
47	44	205	11	43	18	50	255	115	223	241
52	39	209	7	49	12	44	255	115	218	236
54	33	214	6	55	7	44	255	116	222	236
52	32	213	9	61	5	45	254	117	221	230
53	32	211	12	65	0	44	255	121	217	229
53	38	213	14	69	0	43	251	126	218	226
54	33	217	13	75	6	45	254	124	222	227
50	38	219	15	70	2	44	254	123	224	228
46	35	216	14	75	6	47	254	121	221	230
47	39	215	9	81	3	53	253	121	224	229
52	38	220	8	82	2	59	254	120	220	223
53	33	216	2	83	0	60	248	122	214	219
52	35	221	2	84	0	54	251	127	220	217
48	38	216	0	82	6	52	255	125	222	220
53	39	218	0	83	11	46	254	122	221	221
56	35	217	5	79	15	49	255	121	218	223
56	33	214	5	77	12	54	255	119	221	218
50	31	209	0	77	13	58	255	122	226	217
46	34	207	1	74	18	56	254	125	230	215
42	35	206	6	68	19	58	253	130	226	220
36	31	206	3	74	25	59	251	127	223	224
33	30	207	9	78	21	61	254	128	226	230
35	29	204	7	83	23	57	252	132	227	230
32	23	198	6	78	26	62	251	138	222	236
28	22	196	8	73	30	59	255	143	225	242
34	21	200	14	76	36	55	254	144	224	237
36	24	198	11	80	37	51	249	140	227	232
33	18	192	17	80	37	51	244	141	221	232
39	14	196	21	85	38	51	240	143	219	231
37	19	198	21	90	35	51	234	142	218	228
37	16	198	19	88	35	52	238	141	215	232
43	15	203	17	91	38	56	244	142	213	235
41	15	199	14	91	41	58	250	140	214	232
44	15	194	19	94	43	58	251	144	216	238
48	18	195	22	94	49	53	251	144	219	233
53	19	189	25	92	44	51	247	142	225	238
56	17	184	19	93	48	47	247	140	228	233