SINAL	ATTEN	MED	H.A	L.A	H.B	L.B	M.G	L.G	THE	DEL
92	62	39	44	141	13	211	34	0	249	129
98	56	36	44	141	18	215	32	0	250	128
96	59	40	47	146	21	211	37	4	252	130
97	61	40	45	149	27	213	32	9	255	126
95	60	45	49	153	23	208	37	15	253	122
89	56	49	50	147	27	203	38	19	255	124
95	57	55	45	141	26	205	43	19	249	120
91	60	59	39	136	29	199	48	25	248	121
85	66	54	35	133	26	202	43	26	253	118
79	70	48	38	133	25	197	42	31	247	115
83	70	48	41	132	23	200	48	33	246	110
84	71	51	45	129	28	202	42	33	248	108
81	69	55	50	129	34	208	41	29	248	111
85	75	53	48	127	40	203	40	31	247	117
81	70	59	51	129	39	197	43	29	241	121
83	74	61	54	130	35	192	39	31	237	127
82	71	62	53	136	33	193	36	34	234	122
88	66	62	57	135	33	198	35	36	238	127
87	71	68	56	132	32	195	35	39	243	131
90	70	65	51	129	33	193	30	44	242	134
91	68	71	55	126	30	189	34	46	246	132
91	63	73	53	120	24	194	29	48	252	127
95	60	77	57	117	28	192	23	45	255	132
90	63	76	54	113	30	197	27	40	251	134
86	63	77	52	116	30	203	24	44	252	129
80	62	79	47	119	29	209	30	41	251	129
84	62	78	51	113	29	211	32	42	247	135
83	58	84	56	108	34	214	29	42	246	131
83	60	90	53	104	29	214	24	42	244	135
88	62	91	53	100	29	211	20	40	243	136
85	61	95	54	102	24	208	16	44	237	134
85	59	92	54	103	19	202	18	42	237	137
90	61	88	53	108	20	205	12	41	234	142
86	55	90	57	107	22	208	12	39	232	148
92	60	89	60	112	23	204	11	37	227	154
90	56	93	56	112	27	201	17	40	226	159
94	51	88	59	110	29	204	16	46	232	158
89	54	93	54	106	30	201	12	51	236	164
93	59	96	57	101	26	205	10	55	241	165
96	54	90	55	95	26	199	11	51	241	170
95	51	94	56	91	27	200	7	49	244	164
90	45	89	53	94	21	198	5	54	248	161
91	44	88	50	88	21	200	4	57	247	159
87	40	83	49	86	17	195	4	51	243	153
86	39	89	55	85	23	190	2	56	244	147
90	40	91	55	85	23	190	5	58	243	152
89	38	93	50	88	23	185	0	55	239	150
88	43	99	55	89	21	189	0	53	236	148
91	42	93	55	90	16	187	1	53	238	150
96	41	98	58	91	12	182	2	48	234	154
97	43	96	56	86	16	178	2	52	240	156
101	47	90	53	81	11	176	3	56	234	153
107	44	84	51	82	10	172	1	54	235	156
102	47	86	53	87	7	174	0	58	234	152
96	49	80	49	89	11	174	2	60	239	156
92	44	83	44	88	7	173	0	57	234	155
98	48	77	45	91	9	176	3	61	237	158
102	44	74	47	86	6	174	7	60	235	155
106	48	79	43	91	11	172	11	57	235	160
112	48	77	38	89	9	178	15	62	231	156
109	42	81	36	91	7	179	13	68	230	157
111	43	77	35	88	12	185	17	68	230	157
106	47	81	34	94	12	182	21	68	226	157
103	51	80	36	97	7	178	15	67	222	154
100	52	84	30	97	7	179	14	68	224	149
99	47	87	27	93	3	183	18	66	224	153
95	46	82	33	94	3	189	24	64	226	157
98	44	86	32	90	0	186	20	67	227	161
99	50	90	29	88	0	184	17	67	225	163
97	56	87	25	92	0	189	18	73	219	168
92	50	82	30	98	0	184	24	76	218	168
98	49	85	32	93	0	184	30	79	224	165
94	53	91	34	89	6	185	24	85	221	162
92	59	87	40	94	3	188	27	89	219	163
93	59	82	34	93	3	186	30	90	215	164
87	55	82	30	99	0	180	30	87	221	159
86	49	85	33	100	0	182	30	86	220	153
89	51	80	32	103	6	178	28	82	214	149
94	56	84	34	106	12	177	23	81	208	154
90	60	85	40	110	16	171	20	80	208	153
84	63	80	45	108	19	175	17	81	207	152
83	60	85	40	113	23	169	20	82	210	151
77	61	83	42	109	29	166	17	82	211	148
72	65	82	45	106	31	165	11	78	214	150
67	63	87	49	105	29	160	8	76	214	156
70	65	82	43	109	32	164	11	72	211	156
72	70	85	43	109	35	162	13	67	217	157
77	73	87	39	108	37	163	9	63	213	163
79	72	86	33	104	41	168	7	68	210	166
83	73	84	28	100	40	164	9	62	207	163
81	75	79	27	101	36	166	6	62	206	162
87	77	76	33	95	37	161	0	63	203	164
90	76	70	38	90	31	162	0	63	200	161
92	82	72	44	90	27	162	0	57	204	166
95	76	72	41	90	26	164	4	55	198	168
96	82	75	39	89	32	163	6	57	196	172
100	81	69	34	84	36	166	12	59	197	178
104	77	67	31	83	37	162	8	59	199	179
104	82	61	34	89	40	158	5	53	194	178
98	87	61	38	93	34	154	11	50	192	173
97	92	62	32	97	28	159	11	46	189	172
96	87	57	36	103	28	163	7	47	192	175
100	83	61	34	109	30	163	4	43	193	176
105	78	60	31	111	32	164	7	42	191	172
104	84	61	31	117	27	161	4	45	195	175
108	83	57	27	117	25	165	4	47	191	181
108	82	60	24	118	23	166	7	51	189	187
108	82	66	30	124	17	162	3	51	183	191
103	78	65	32	121	13	163	7	51	189	189
100	74	61	38	117	9	169	9	55	190	183
103	78	67	33	112	8	164	5	58	193	179
109	75	64	30	115	7	167	0	60	191	183
110	77	68	34	121	1	165	4	56	196	181
112	76	66	30	126	0	159	0	51	192	181
110	74	63	32	124	5	154	5	47	189	184
116	72	65	29	126	8	150	7	44	190	190
117	71	71	32	132	7	144	7	44	189	188
122	65	68	31	135	4	142	6	44	190	187
124	61	69	33	133	0	148	6	45	187	193
120	67	75	35	134	0	147	5	46	193	198
121	72	79	40	137	4	152	7	41	191	192
116	69	81	44	137	0	156	6	36	197	190
121	69	79	47	131	0	155	9	40	196	194
124	71	84	42	126	0	158	4	46	196	198
127	73	89	41	128	0	156	0	52	199	198
128	68	87	38	134	6	158	0	52	200	194
124	64	89	32	136	8	158	0	49	204	192
121	60	95	36	142	8	160	0	44	202	186
123	60	100	38	140	4	164	0	48	201	186
121	64	98	37	142	1	162	0	51	203	184
120	58	97	34	148	0	164	0	46	209	178
121	52	103	29	142	0	164	0	49	212	184
127	56	108	31	138	3	163	0	54	214	179
131	54	113	37	141	0	157	0	54	209	183
136	53	113	31	143	0	156	0	49	209	184
132	56	115	29	149	0	155	1	43	203	181
132	50	118	27	146	0	161	1	46	204	182
134	44	123	28	141	1	165	4	46	199	180
136	47	123	26	142	0	159	0	50	197	184
142	44	125	25	139	0	154	5	45	194	179
136	44	126	25	143	0	157	5	49	188	177
141	45	120	21	149	3	162	0	46	184	183
145	41	114	19	148	1	162	1	41	182	177
146	41	115	13	150	0	156	0	47	180	173
147	40	109	10	145	6	156	5	47	178	173
148	40	104	12	142	4	155	2	52	176	178
153	40	100	14	144	6	156	0	51	178	176
156	37	102	14	140	9	153	3	50	178	174
152	35	105	18	139	14	158	0	49	174	173
148	31	105	23	144	14	163	0	47	177	171
143	33	102	21	144	14	166	0	53	182	172
147	30	97	23	140	10	160	1	51	186	175
152	29	92	19	136	9	156	0	54	185	176
156	35	88	17	138	7	156	0	58	180	174
150	30	93	18	134	9	154	0	59	176	170
152	31	89	15	132	6	152	0	57	182	171
157	32	83	16	133	2	157	3	51	183	172
162	27	83	12	136	0	154	3	51	177	173
161	25	89	12	130	3	149	0	49	178	172
157	20	89	10	132	5	144	5	49	180	171
152	15	86	13	127	5	140	8	47	178	174
149	19	87	7	127	2	142	13	44	173	178
146	17	86	2	128	1	136	17	49	178	183
149	18	83	7	131	0	142	11	47	180	181
144	17	77	8	133	1	146	8	43	178	178
140	22	83	10	130	5	142	13	38	176	179
138	27	88	13	130	1	148	17	38	174	176
143	29	83	8	130	0	142	13	37	175	170
144	27	79	3	134	1	139	10	35	169	172
150	27	75	2	133	0	134	7	36	173	173
151	33	76	3	129	0	134	13	30	179	171
154	30	77	0	131	4	133	17	28	181	167
149	36	80	3	128	2	129	19	22	180	166
146	30	75	0	122	2	131	15	28	175	163
141	26	76	0	118	1	133	19	29	181	157
144	21	71	0	124	0	128	18	25	186	152
141	21	75	0	125	0	131	12	29	182	155
140	18	69	5	125	3	132	12	35	186	154
137	20	68	0	119	3	129	13	36	184	151
141	22	70	0	121	0	125	11	42	183	155
144	27	72	1	115	0	127	12	46	185	157
141	23	68	0	112	0	126	8	42	190	158
145	21	69	0	113	1	128	10	40	195	155
147	18	72	0	114	0	127	9	38	191	151
150	17	70	0	111	0	125	11	32	196	150
156	16	73	0	107	2	128	11	29	194	144
152	21	78	0	102	0	122	8	27	191	148
147	18	76	0	103	3	124	10	22	192	144
153	24	80	0	98	1	120	8	21	196	139
149	20	81	3	104	0	115	12	22	195	139
146	22	77	2	110	0	117	11	22	193	140
141	16	72	0	114	1	120	15	25	197	142
139	18	68	2	120	4	118	11	25	202	142
139	22	73	5	121	9	115	8	21	206	147
141	22	72	5	124	15	109	10	25	204	143
145	23	74	0	129	14	103	14	26	199	143
144	26	76	1	126	19	98	8	31	194	140
140	20	77	6	127	17	95	13	27	196	138
135	20	81	4	132	15	94	18	24	191	136
137	20	78	8	131	10	95	17	24	190	133
141	18	73	2	128	9	97	14	26	191	139
145	20	78	0	134	4	91	10	30	186	139
149	23	75	0	135	1	93	15	36	188	141
144	25	81	0	141	3	95	10	38	184	135
149	23	78	6	146	0	100	7	44	179	132
143	25	81	6	148	0	95	6	44	179	128
144	29	80	6	150	0	100	0	39	182	122
143	30	79	7	155	1	105	0	34	182	117
147	25	73	4	161	5	104	5	31	186	112
143	25	79	2	158	10	109	7	30	185	118
147	23	74	0	158	8	115	6	27	179	120
147	23	75	5	162	11	117	11	23	178	120
151	17	73	7	157	11	113	12	23	181	121
154	16	74	10	151	16	116	7	27	177	120
159	13	71	4	157	22	111	10	28	176	122
160	10	70	2	153	26	115	12	28	177	125
159	6	69	3	154	31	118	12	24	183	124
162	4	63	6	158	25	121	16	23	184	122
165	5	64	2	160	27	118	10	24	181	128
163	8	63	2	162	31	114	11	25	179	129
165	12	66	0	161	29	111	5	30	174	129
161	14	71	4	163	33	106	0	28	180	126
165	9	66	8	169	37	104	0	30	178	126
171	10	63	5	175	32	107	6	31	175	124
171	9	63	2	177	33	110	0	29	173	129
168	11	59	7	176	31	113	1	28	172	128
162	17	59	10	175	27	111	3	28	178	123
158	23	53	6	171	24	110	0	31	173	121
160	22	49	1	170	30	107	0	34	177	123
157	27	44	1	174	28	102	0	30	174	122
153	28	49	3	172	28	108	5	30	179	122
152	29	54	5	169	32	103	9	25	174	120
152	26	52	1	168	33	102	15	30	172	119
150	20	56	3	165	39	107	13	29	173	125
152	23	59	9	166	41	103	18	23	168	120
152	19	63	14	160	40	102	24	21	173	124
148	19	66	18	166	36	106	24	19	176	119
150	22	63	18	169	32	101	20	21	179	114
146	18	60	14	169	31	99	22	22	181	115
145	15	55	19	175	37	101	17	24	182	119
145	17	59	25	171	36	96	23	20	181	120
151	21	62	26	167	42	97	27	18	185	118
145	18	63	26	173	41	96	25	22	180	123
141	20	66	27	175	42	91	24	23	178	124
136	21	60	28	177	40	93	22	18	173	125
132	15	55	22	174	41	96	20	20	178	122
129	17	60	24	169	37	94	26	23	179	122
128	20	63	23	166	34	91	32	23	180	116
123	15	61	27	172	34	95	32	22	175	118
120	15	56	26	166	38	100	37	22	173	113
117	18	51	28	170	40	104	33	24	176	117
120	24	51	23	170	34	105	30	18	171	111
122	28	48	28	174	34	99	35	12	169	108
121	30	51	27	180	40	94	36	11	174	105
116	36	48	26	180	46	93	34	14	174	111
117	31	50	22	177	42	90	28	20	173	105
123	35	48	26	183	48	94	22	17	179	110
124	41	44	32	186	52	91	25	14	182	106
128	40	49	29	188	47	94	28	12	181	111
124	42	51	24	188	44	96	34	8	181	106
125	41	45	29	186	40	92	38	6	179	110
121	45	51	29	180	41	91	41	10	178	105
122	39	55	30	178	39	95	37	5	183	104
116	38	54	34	174	36	98	34	11	189	110
120	38	59	35	179	41	94	28	10	194	105
120	38	64	40	173	44	89	32	10	188	108
122	37	61	43	169	43	94	35	14	193	113
119	31	57	39	172	43	91	38	18	194	115
121	29	57	44	174	42	96	38	22	192	116
126	29	52	38	175	43	96	32	27	196	116
120	28	55	44	171	43	94	27	22	201	117
121	32	59	43	169	41	93	21	23	204	121
121	31	65	44	173	47	90	27	25	203	115
126	25	61	49	176	43	84	31	29	205	114
125	30	67	45	175	46	81	28	32	203	109
120	26	61	50	181	43	78	24	31	199	103
120	23	60	44	176	37	83	30	30	202	98
116	20	55	41	170	41	79	28	29	199	97
120	20	53	38	171	45	78	30	32	198	97
114	17	51	32	168	44	83	25	29	198	99
109	17	45	37	163	39	79	20	34	199	93
109	17	47	42	163	35	79	23	34	198	88
105	22	51	48	164	29	77	25	30	197	88
107	27	54	48	168	33	75	30	36	191	88
111	32	59	48	167	30	74	36	39	190	92
111	32	59	50	161	28	79	40	38	187	96
116	27	59	46	155	26	75	43	43	181	97
119	23	63	52	150	31	72	46	45	185	94
123	19	64	50	151	33	68	49	44	182	92
125	19	68	50	157	34	66	53	47	180	86
124	18	72	49	155	39	72	55	51	178	90
120	21	72	48	158	43	71	58	47	176	94
124	22	75	46	153	48	76	52	47	177	92
123	27	74	51	152	52	72	51	48	175	96
118	22	73	56	151	51	68	46	42	169	101
116	22	73	57	154	50	68	44	37	169	104
110	21	76	55	155	44	67	39	34	168	110
111	25	81	56	160	47	61	40	28	164	113
109	24	87	52	158	50	59	38	30	164	108
112	18	84	55	164	49	64	39	27	163	109
106	19	79	58	160	48	59	36	22	164	104
102	14	78	52	155	54	55	35	25	159	104
107	16	80	55	149	48	50	36	26	159	105
110	16	75	55	149	52	46	42	29	156	108
104	21	76	52	150	50	45	42	35	152	108
98	25	72	58	151	54	47	44	29	156	103
98	30	73	59	155	53	44	50	30	152	103
101	24	76	59	156	50	46	50	36	146	109
102	19	80	59	157	55	50	51	31	145	112
99	16	85	57	157	53	56	53	32	145	109
101	22	81	60	160	52	58	49	33	139	107
97	19	86	57	158	48	60	54	34	143	103
98	22	86	62	160	49	55	59	40	147	104
99	17	87	61	164	47	49	57	42	148	101
105	19	92	61	170	53	49	55	42	151	99
104	18	87	62	171	56	45	58	43	157	94
106	22	81	65	170	60	45	57	44	152	96
112	19	81	62	174	60	43	56	49	152	92
110	23	82	65	169	60	45	62	55	146	88
108	19	80	70	174	56	50	66	56	151	91
106	22	77	75	170	57	45	68	62	149	89
105	28	82	80	174	61	40	71	67	144	94
104	29	83	80	174	62	43	69	65	139	88
103	24	86	86	176	61	38	71	61	140	88
99	27	88	83	170	60	37	68	66	137	89
100	26	93	85	176	62	33	70	61	133	94
105	29	90	84	181	60	31	76	58	134	96
100	26	93	79	176	56	33	81	54	131	93
97	24	98	80	170	50	34	83	57	129	98
98	24	101	76	167	45	40	83	54	132	101
93	23	96	75	163	45	40	83	49	134	96
89	19	90	72	163	47	45	85	45	130	98
84	15	96	78	167	47	44	90	51	130	93
80	20	99	79	167	42	49	93	57	134	95
85	24	102	78	169	45	52	93	63	136	94
88	29	102	75	172	43	48	94	57	139	90
86	26	102	69	168	40	53	88	55	133	96
86	31	103	64	166	46	57	86	61	138	91
87	36	103	59	162	47	52	83	63	136	89
84	31	106	54	160	42	58	83	65	138	90
79	35	109	56	157	38	59	79	70	133	94
74	33	113	53	159	44	64	81	74	137	89
76	28	111	58	155	47	61	85	70	137	93
80	24	115	57	149	49	65	89	69	132	90
83	20	118	62	148	52	62	90	72	126	86
86	16	120	64	148	52	64	91	77	125	85
81	18	120	65	153	51	60	96	73	123	86
80	21	125	71	154	47	62	101	71	128	80
74	22	122	67	150	49	57	99	69	126	76
73	19	118	65	151	46	55	101	68	129	81
71	14	113	61	146	41	52	98	73	130	80
68	15	117	56	151	46	49	104	73	125	74
71	9	114	58	151	46	46	104	69	129	77
66	3	111	60	156	49	41	103	74	132	78
64	3	108	64	150	45	43	104	73	132	81
63	6	106	63	146	46	43	108	73	128	80
61	9	105	58	143	41	44	109	70	125	75
58	10	106	62	146	46	42	114	76	122	77
63	6	103	57	144	48	42	110	79	123	75
60	2	106	60	146	49	37	110	75	125	69
65	3	102	59	140	50	31	108	70	119	74
66	3	97	54	145	46	28	109	65	118	76
66	8	103	60	145	52	32	115	66	124	71
72	8	106	59	140	54	35	112	70	130	66
72	14	107	56	142	59	40	113	65	134	61
72	20	104	56	146	61	41	114	59	130	57
76	16	106	59	145	56	42	111	56	128	60
76	15	109	53	144	60	41	113	54	129	62
77	21	113	48	143	62	37	109	60	127	60
75	27	109	52	144	68	40	114	63	129	58
72	26	103	47	143	66	41	109	64	128	62
68	26	101	47	137	63	43	108	69	124	66
72	23	103	42	136	62	49	114	69	124	70
70	25	99	36	138	59	54	119	72	123	68
74	20	96	37	135	56	54	125	73	129	70
77	20	99	40	136	59	53	129	73	132	70
81	15	101	34	131	59	47	132	72	135	74
86	11	106	39	127	65	52	133	71	139	72
81	12	111	41	125	67	58	131	72	144	70
87	13	105	41	127	69	56	133	72	148	67
89	18	110	40	131	75	54	136	75	154	73
89	21	113	45	128	73	56	131	77	150	68
93	15	117	40	128	75	51	125	80	152	63
90	20	122	45	128	70	50	130	78	158	65
86	17	123	48	126	68	56	133	76	162	67
89	17	127	44	129	70	57	139	80	166	72
89	21	123	47	135	76	58	135	81	161	69
87	22	124	46	130	79	54	136	80	156	70
81	20	123	46	125	77	54	130	78	156	68
76	21	129	42	131	73	52	130	82	158	67
82	20	135	45	126	67	56	125	82	153	69
83	23	130	45	130	68	50	131	87	149	72
89	23	133	50	127	70	49	135	87	152	78
91	21	127	54	125	64	45	139	91	158	76
96	21	130	48	122	60	41	143	93	163	73
97	27	128	43	126	66	36	143	94	166	78
91	31	127	37	121	60	35	141	90	164	78
94	32	126	41	117	59	29	138	90	162	77
99	36	121	42	121	63	32	133	89	164	75
102	37	119	47	125	60	27	138	88	161	80
97	34	118	46	131	59	32	140	83	160	82
100	38	122	47	136	53	36	135	83	163	85
94	33	121	52	137	55	34	132	87	168	80
98	28	121	50	139	49	32	132	91	169	84
97	25	115	49	136	52	27	138	93	168	82
96	25	114	50	137	46	30	141	98	169	80
91	30	119	51	136	47	30	147	100	169	80
94	33	117	49	134	46	30	147	103	165	78
88	37	114	48	132	47	34	152	101	160	79
84	31	120	51	132	51	40	147	99	159	85
81	35	117	56	129	53	41	146	97	164	90
79	29	119	59	131	54	45	144	96	165	95
75	30	120	65	131	51	40	148	96	168	95
79	34	121	69	125	50	36	145	91	163	92
83	38	121	70	129	54	35	146	90	164	96
80	39	117	70	123	58	35	144	94	169	94
74	42	113	65	121	63	38	138	94	173	99
73	37	110	60	126	65	42	134	96	169	101
72	31	111	62	123	71	37	129	92	168	103
74	33	110	66	120	69	39	123	89	166	97
80	33	104	60	124	69	33	127	93	169	100
82	36	102	64	126	67	29	121	89	172	102
78	37	98	60	131	73	30	115	88	168	101
72	36	96	64	135	68	30	109	83	165	107
76	35	95	60	135	62	24	109	79	170	101
82	40	92	64	130	68	21	105	78	164	102
86	44	93	59	131	65	18	107	80	160	106
82	43	99	64	129	71	19	111	83	159	102
79	42	105	58	125	68	24	108	77	153	107
79	48	106	59	127	62	19	107	72	153	111
83	50	111	63	125	60	19	107	70	157	116
81	55	116	59	123	61	15	113	65	154	114
87	56	113	54	124	58	13	119	71	156	119
90	50	112	60	128	55	11	114	69	150	125
87	50	116	63	128	58	7	115	72	150	125
86	55	113	62	133	53	10	121	78	153	128
88	58	111	57	139	55	14	118	73	158	131
83	64	115	61	140	49	11	122	78	157	129
83	66	120	65	137	47	11	117	77	153	124
86	63	116	66	140	48	7	118	83	147	125
87	67	117	61	146	54	3	120	84	148	122
90	66	121	62	152	53	0	117	86	153	116
87	61	125	65	154	54	4	111	89	147	116
93	55	129	64	152	54	7	117	89	145	111
92	56	130	64	153	57	5	119	87	145	106
97	60	125	59	159	53	9	119	87	147	108
94	58	129	57	159	49	9	116	93	143	106
88	52	124	51	164	54	11	122	99	141	106
86	58	119	57	160	48	5	128	93	135	106
83	57	121	60	154	54	2	124	95	135	110
84	60	122	65	159	50	0	118	98	130	108
86	64	116	61	160	56	0	118	98	135	114
90	58	121	59	159	60	0	124	97	139	118
90	53	116	61	164	55	2	129	99	141	118
90	56	117	57	170	51	7	126	100	135	116
88	58	113	60	164	47	9	124	103	134	114
89	61	110	57	163	48	9	120	101	138	109
90	64	112	58	168	44	11	122	107	136	106
93	63	115	56	165	41	15	121	102	133	112
89	69	119	56	165	36	18	117	105	139	106
84	72	121	60	162	41	17	116	103	141	108
81	70	115	62	160	37	19	115	102	135	109
84	76	118	60	160	36	14	117	97	139	104
81	79	124	55	157	41	18	119	94	134	106
82	76	123	53	162	36	13	122	97	132	112
81	75	126	50	157	30	17	126	94	127	118
81	72	126	46	154	33	19	132	98	129	114
80	76	131	44	156	37	16	126	100	130	116
76	76	125	49	161	37	12	120	101	131	117
80	74	128	52	163	42	10	119	99	127	120
85	74	133	47	159	37	13	123	104	123	116
85	75	137	47	165	35	14	127	98	125	118
87	73	136	42	167	33	14	128	98	125	123
89	79	132	47	163	37	9	122	98	119	123
88	85	137	48	162	36	7	128	96	123	120
84	85	140	46	165	40	8	133	102	129	125
78	88	141	48	161	45	3	130	96	125	123
76	93	142	51	157	45	0	128	93	120	125
72	98	142	48	163	42	0	128	89	124	124
71	103	142	52	161	40	4	129	88	129	129
70	99	139	50	163	41	2	125	83	135	129
67	97	141	51	166	47	0	129	87	135	124
66	99	140	55	170	52	0	135	90	138	122
69	95	139	53	174	58	0	131	89	140	120
68	98	137	47	172	60	6	132	93	141	126
65	92	137	50	176	54	7	134	98	143	126
69	98	142	53	180	49	2	131	102	145	120
67	104	137	53	185	52	3	133	104	140	118
68	108	133	51	188	47	0	132	101	144	113
68	110	127	52	185	53	3	128	103	147	109
62	116	126	49	184	51	3	134	103	152	115
67	115	130	51	181	56	0	140	107	150	116
63	117	136	57	181	53	5	146	110	145	113
67	122	131	51	179	56	4	149	115	151	109
68	126	127	55	181	56	7	155	117	154	112
64	127	123	59	175	50	2	156	121	150	112
70	128	127	55	178	54	4	156	123	154	116
75	131	129	49	174	54	3	152	122	157	117
70	136	130	47	178	55	5	147	123	152	116
65	141	129	52	182	58	7	151	118	148	118