SINAL	ATTEN	MED	H.A	L.A	H.B	L.B	M.G	L.G	THE	DEL
73	202	132	12	10	64	63	200	76	79	201
70	207	135	17	4	65	67	205	80	73	201
74	208	136	15	0	69	69	202	86	67	207
76	208	136	14	4	73	69	207	86	67	201
79	203	141	8	7	70	69	207	86	73	197
73	204	140	11	10	70	70	209	80	74	202
74	198	146	16	15	76	70	213	77	68	207
72	197	147	13	19	74	75	217	82	66	204
73	200	153	10	25	70	78	213	76	70	208
67	196	152	5	21	64	78	208	81	64	205
63	200	147	8	20	66	78	203	75	60	204
64	194	151	8	24	70	78	200	77	60	200
63	188	147	4	24	74	75	195	75	61	204
65	185	142	10	21	79	73	200	69	57	200
70	191	142	8	23	85	69	204	72	62	195
71	194	148	11	17	91	64	202	69	68	192
70	194	144	7	16	90	65	204	70	72	196
67	193	144	10	19	92	64	206	73	74	200
66	195	145	9	15	92	63	211	70	76	202
72	190	139	10	9	94	58	213	75	82	198
73	185	144	12	11	98	58	209	74	83	203
70	180	143	9	16	92	56	207	77	88	208
64	178	145	4	21	92	54	207	76	86	207
69	180	151	10	18	89	59	212	77	89	210
63	175	147	12	18	88	65	214	82	89	204
64	169	144	16	23	86	60	213	78	87	206
68	169	146	11	20	84	59	215	81	83	205
73	166	146	8	24	87	58	217	76	81	203
70	165	143	4	28	92	53	215	79	77	207
69	165	145	5	22	90	54	215	80	72	213
70	169	147	3	19	84	49	209	86	67	215
67	172	147	2	14	85	45	204	83	67	218
67	166	146	2	11	79	47	198	77	69	215
62	163	151	0	11	73	47	194	76	70	217
56	167	148	0	5	72	50	196	76	70	217
58	172	145	0	11	77	50	190	73	70	211
55	167	143	6	11	81	46	194	73	67	213
51	163	139	8	10	75	41	193	75	65	216
46	169	136	2	14	70	35	188	75	60	213
50	166	134	0	11	76	40	193	81	58	215
45	166	134	5	11	76	45	190	76	59	213
51	162	129	1	14	70	43	188	80	60	217
51	165	129	0	19	64	37	189	83	57	221
51	170	125	0	20	66	36	190	83	59	227
52	174	126	1	24	64	32	192	85	63	232
48	178	128	6	29	62	35	192	79	62	230
52	184	128	0	26	57	37	195	75	60	236
47	186	128	0	24	54	33	199	78	66	237
43	182	126	6	22	52	30	205	80	64	237
46	185	129	6	20	50	31	202	83	66	240
40	188	129	8	22	44	31	199	83	61	241
45	185	133	6	17	47	27	199	87	56	247
48	185	138	2	17	45	31	200	81	55	247
43	182	139	3	18	41	26	194	85	60	243
47	187	142	8	19	42	31	200	89	56	248
41	183	144	14	15	37	31	201	95	57	252
41	181	139	13	12	34	28	202	89	54	248
44	187	137	11	9	36	24	205	83	56	243
38	191	139	12	7	30	25	200	89	59	237
35	190	134	6	4	34	26	204	89	59	243
34	189	138	3	7	36	20	210	87	60	237
35	190	140	5	9	37	23	208	81	65	238
38	186	146	0	8	40	20	202	87	60	239
41	186	147	0	10	45	20	201	83	65	235
42	189	142	5	16	45	18	203	88	67	230
37	189	141	8	12	42	15	206	89	70	226
34	186	141	9	11	39	12	208	86	70	227
30	192	138	3	9	41	15	202	89	74	227
24	186	136	8	12	40	21	196	87	75	228
23	180	137	12	14	37	26	200	88	74	223
20	178	135	17	19	32	21	194	94	78	228
23	183	140	17	23	35	26	199	95	73	234
22	177	136	14	28	36	21	199	90	79	232
24	173	142	17	22	31	26	201	91	80	230
19	169	142	19	19	35	28	207	93	86	233
15	173	144	19	19	40	25	206	99	82	236
21	172	149	18	25	41	21	205	99	83	238
26	175	146	21	21	35	23	208	99	87	235
28	172	147	21	25	40	22	206	93	82	230
22	177	145	21	24	40	26	212	90	77	236
28	171	142	23	25	37	21	212	90	79	230
31	169	140	23	24	42	20	218	88	74	229
30	172	141	25	30	39	20	214	84	74	225
24	166	144	26	33	37	15	218	84	68	226
23	169	145	31	37	37	12	223	81	69	223
27	166	146	32	35	36	6	223	81	66	226
22	171	146	35	30	33	7	220	86	63	221
22	175	144	29	35	27	4	214	82	69	220
20	174	145	29	31	30	7	220	77	67	223
23	177	140	24	26	33	2	221	75	70	223
27	182	141	27	24	28	6	227	71	72	227
27	177	140	23	30	29	12	229	66	67	230
29	178	146	24	25	26	12	228	71	66	226
27	174	146	24	31	32	16	229	72	65	222
25	174	149	24	33	32	20	227	69	64	224
31	172	152	27	29	33	25	231	63	65	230
35	170	152	23	35	33	30	227	60	66	228
32	169	148	25	36	33	28	227	59	62	222
37	170	148	31	31	32	22	223	62	63	221
38	172	148	27	33	34	23	218	57	62	219
39	175	143	25	34	32	27	213	59	63	217
35	172	137	21	34	37	29	210	58	68	216
29	169	143	18	35	40	35	216	59	65	216
23	173	146	23	37	40	31	216	58	61	217
28	174	140	24	41	36	35	215	54	58	221
24	179	134	22	43	38	35	210	54	61	224
23	183	134	23	45	32	29	207	51	65	222
28	186	131	20	46	26	30	202	49	60	224
24	188	132	18	42	32	24	203	51	63	224
25	185	131	17	39	35	29	198	55	64	222
25	180	131	18	41	40	30	204	50	62	220
19	185	137	16	43	42	24	205	53	65	214
25	183	143	15	49	38	22	208	52	59	213
26	177	137	11	50	39	20	214	53	62	218
20	176	131	15	44	38	14	215	57	60	220
23	175	125	11	48	42	15	218	56	63	217
20	177	124	11	53	46	19	213	60	69	219
25	174	127	8	50	45	25	211	59	65	224
31	175	130	9	56	43	26	214	60	67	225
28	181	133	10	58	48	24	220	55	65	221
33	184	135	4	52	51	18	218	55	71	225
34	178	133	5	46	54	15	212	52	69	227
34	176	132	0	43	58	16	207	56	70	232
28	173	131	0	45	58	11	206	54	64	234
29	177	128	3	41	54	9	209	49	65	236
26	176	128	0	35	49	12	211	54	59	230
24	180	132	0	35	53	17	209	59	56	232
27	183	132	4	41	55	16	204	63	50	234
26	177	134	6	46	58	17	202	60	54	239
29	180	128	6	44	63	12	201	66	57	245
30	178	127	9	38	57	16	196	64	57	243
25	172	122	7	44	54	20	197	69	53	247
26	167	120	13	40	48	24	194	65	51	246
22	162	124	16	34	50	22	192	69	46	252
19	167	130	11	31	48	26	190	67	47	255
19	168	130	15	29	45	29	190	67	41	252
20	168	135	20	23	42	29	191	68	45	254
22	162	141	18	18	46	30	192	68	48	255
27	156	143	16	23	51	36	189	74	47	255
21	158	139	14	24	52	42	191	68	45	255
15	156	134	20	26	56	47	185	72	40	255
17	157	132	24	23	50	46	191	75	46	255
13	156	126	20	20	55	44	196	74	40	253
7	152	120	15	18	57	49	195	80	38	251
7	153	118	13	14	61	51	193	81	44	253
4	152	122	8	12	61	52	187	83	42	255
2	150	117	8	16	61	58	183	87	38	252
0	149	120	11	12	63	54	185	92	33	246
6	145	125	11	18	63	53	184	92	32	241
12	145	125	13	17	68	55	190	88	37	246
11	150	120	10	19	65	51	194	93	36	241
6	145	117	13	23	68	53	190	96	32	245
4	147	115	8	23	62	53	187	93	33	243
3	150	121	5	25	56	59	181	98	29	242
4	154	123	10	20	51	63	180	95	23	242
0	160	120	8	16	46	65	176	96	21	246
6	165	116	7	11	49	67	182	98	25	251
0	167	122	9	6	53	65	176	99	28	251
3	163	126	14	3	50	68	173	101	29	248
9	158	126	12	1	44	65	178	97	32	254
10	156	126	9	1	41	59	178	92	35	255
12	152	131	13	0	43	64	177	90	29	255
13	146	132	8	0	39	61	174	92	32	255
10	152	128	7	5	45	66	174	89	28	255
16	158	126	4	11	48	70	174	91	28	253
10	162	123	4	9	45	74	173	88	24	248
4	159	128	0	9	48	77	172	85	28	248
9	159	131	0	4	54	79	173	85	23	247
13	155	136	0	1	55	81	176	85	17	253
9	153	138	0	7	59	79	170	87	14	253
15	154	134	0	13	57	74	173	85	12	255
21	155	133	2	12	51	68	173	84	17	253
16	153	139	6	13	50	70	168	86	17	252
21	158	138	0	8	54	64	173	90	12	247
24	157	143	0	3	51	58	173	96	9	250
29	154	139	6	7	50	59	167	100	8	251
31	160	137	6	12	45	57	171	96	11	252
35	157	135	9	11	50	58	168	98	11	247
38	152	140	15	10	52	63	162	101	13	244
33	146	146	21	12	50	62	164	97	9	238
31	140	144	21	8	55	57	168	102	13	233
33	137	138	24	14	55	51	173	100	14	229
30	131	136	26	14	57	52	176	104	16	228
35	135	138	28	17	57	52	174	107	10	232
41	134	139	32	15	58	55	174	109	9	228
39	132	142	33	16	62	57	173	106	14	230
40	136	139	32	19	56	52	175	102	16	235
37	131	145	37	19	59	48	173	98	22	233
37	134	141	32	15	56	46	170	95	17	233
32	140	138	36	10	59	45	165	91	23	238
32	144	137	37	11	58	45	167	93	24	234
31	149	136	39	15	61	43	172	88	19	233
32	148	130	35	16	64	44	171	82	21	237
38	147	130	29	14	58	39	172	84	25	238
38	146	126	30	16	64	34	171	78	30	232
36	145	130	24	15	61	34	167	81	28	237
33	140	133	29	21	66	38	173	84	34	238
29	141	137	26	22	65	42	167	84	32	233
26	141	138	23	24	63	37	167	80	27	231
22	137	133	17	22	64	32	166	79	31	235
26	142	137	21	18	58	35	164	76	27	237
29	142	143	22	24	62	31	163	73	23	237
26	136	140	23	29	64	28	165	78	20	240
20	135	136	27	34	67	27	168	81	23	236
18	134	138	27	31	62	25	171	75	28	235
21	134	132	33	26	64	25	169	77	26	235
17	130	135	29	29	66	28	164	79	23	233
16	130	140	26	29	60	24	162	73	22	229
19	135	134	32	35	63	30	167	73	24	226
18	133	136	31	32	58	31	169	74	18	228
22	129	139	33	34	52	32	173	80	17	231
22	125	142	35	30	50	26	167	82	23	229
16	120	141	31	34	48	29	168	86	28	225
16	122	146	29	39	43	34	169	86	29	220
17	117	141	29	35	39	40	174	83	29	216
15	116	140	31	39	35	44	169	89	27	219
19	115	137	28	36	31	38	168	95	33	218
18	118	138	22	33	27	39	166	95	31	213
24	113	140	18	29	32	36	169	100	25	210
25	115	143	19	27	37	33	175	98	29	208
31	110	145	18	27	31	33	178	101	25	212
26	112	148	21	24	33	37	178	99	28	214
26	115	147	18	29	27	37	180	104	26	210
32	118	149	24	29	30	42	184	103	27	211
33	121	145	24	32	25	47	187	101	32	206
37	117	148	26	35	23	41	192	106	36	211
41	123	146	24	32	22	36	192	112	37	209
42	123	141	30	30	23	32	196	113	39	210
39	122	145	30	29	27	37	198	109	41	211
38	124	148	26	33	31	34	200	103	45	210
44	126	150	23	31	35	29	194	98	46	205
40	121	146	26	29	29	24	198	92	49	211
43	115	150	28	29	28	20	192	98	51	213
44	112	154	32	31	24	20	196	94	45	216
39	118	150	36	32	27	14	200	99	48	216
39	113	150	37	37	24	16	201	98	52	217
36	114	152	39	42	21	21	195	98	58	216
40	115	152	41	38	18	25	198	101	62	215
39	119	150	39	39	22	28	193	102	56	220
38	118	155	34	41	20	31	199	103	61	224
43	121	153	38	47	23	37	205	106	55	227
38	118	153	42	48	20	43	199	106	57	223
43	116	157	47	49	22	46	197	112	63	217
46	121	154	47	49	17	46	191	114	60	211
50	119	154	41	55	14	44	192	120	61	214
46	125	151	41	54	11	39	192	117	66	219
44	120	147	44	60	9	40	193	113	60	216
44	119	143	49	58	13	44	190	111	60	213
41	113	143	49	52	14	50	194	109	59	219
45	114	140	44	52	13	45	197	111	54	223
40	109	145	42	51	14	50	196	116	57	227
41	110	146	39	53	9	50	195	117	62	232
35	116	142	33	52	8	55	195	119	56	231
38	121	145	31	53	5	54	196	120	56	225
43	115	146	37	55	6	58	198	116	61	231
43	120	152	36	60	11	64	198	121	65	226
47	122	157	33	64	7	60	203	116	69	228
46	119	156	28	69	9	54	198	114	72	230
51	117	155	32	75	11	59	195	120	71	230
50	111	150	37	75	10	60	196	116	65	227
52	114	146	37	77	14	64	200	119	62	231
48	110	145	33	72	11	70	202	119	66	229
42	114	151	28	78	15	75	200	114	62	227
44	115	152	33	77	14	79	199	110	59	227
47	121	155	37	71	16	79	198	114	62	221
50	120	160	35	71	22	80	193	116	63	215
56	126	155	30	66	26	76	187	122	62	221
60	129	154	32	62	20	74	185	126	57	221
62	130	152	36	63	17	70	181	131	59	227
66	128	147	42	63	17	72	183	135	63	222
64	125	146	39	58	12	69	187	136	65	216
69	125	148	43	60	11	67	188	132	61	211
69	128	144	40	62	16	71	192	127	59	215
63	133	148	36	68	16	66	191	129	53	217
64	128	147	42	63	17	61	192	127	58	215
61	122	149	37	62	13	61	195	128	54	212
59	121	143	40	56	19	67	190	123	56	208
55	119	143	37	57	23	67	184	120	61	202
55	115	141	32	56	26	69	181	122	59	198
50	112	142	34	58	22	68	181	125	53	204
50	113	137	37	54	25	62	176	120	49	208
50	115	140	33	57	29	63	175	126	55	207
52	115	138	32	55	26	67	176	128	54	211
52	119	139	34	51	31	68	179	124	50	205
51	113	135	33	46	35	69	179	129	47	207
51	119	136	35	42	32	75	183	130	44	206
51	122	136	34	39	34	79	178	132	42	202
54	128	141	32	37	32	81	179	131	37	203
54	127	136	33	35	36	77	180	132	41	201
57	124	135	37	33	32	76	179	138	38	205
54	119	135	35	37	36	73	181	138	43	208
51	113	129	35	40	33	70	185	142	43	202
48	117	126	38	44	30	73	184	136	47	204
43	117	121	34	45	28	76	186	135	49	201
43	112	116	35	50	33	80	188	130	45	206
43	109	120	36	44	34	77	182	132	50	212
39	115	121	36	43	34	72	177	128	54	214
36	115	116	38	40	34	76	174	131	56	211
35	117	114	44	37	40	76	169	132	59	212
31	113	108	47	38	41	71	165	127	61	208
27	109	104	48	41	40	68	161	132	64	206
24	103	101	53	36	46	74	160	131	63	200
19	107	103	59	39	44	74	161	133	60	201
19	103	107	59	43	40	69	167	137	64	203
20	101	109	56	47	46	75	173	141	68	204
17	104	106	51	52	42	73	178	135	74	209
14	98	108	48	49	48	71	176	134	79	214
13	99	112	47	54	54	71	176	137	81	208
11	97	112	51	49	57	70	171	141	76	203
7	92	106	51	48	57	76	174	135	80	206
13	92	102	52	42	51	75	170	137	80	210
19	93	97	47	37	50	81	171	142	78	208
22	92	93	52	39	50	82	165	140	80	214
24	92	96	57	41	50	80	166	138	81	219
29	96	91	59	36	45	82	161	140	82	219
32	95	96	58	39	45	88	159	139	83	225
37	91	91	55	42	46	89	165	134	89	220
43	85	93	56	37	45	89	168	139	87	216
41	80	87	56	34	49	91	165	135	91	218
44	79	93	61	29	55	85	168	140	96	219
48	78	99	61	26	59	81	166	134	91	214
53	84	100	59	29	57	82	169	139	87	208
51	88	105	56	32	63	87	169	133	90	205
48	88	109	57	37	64	91	171	137	96	210
50	90	110	58	32	64	91	172	142	90	213
54	93	107	54	30	70	91	178	141	89	212
51	94	111	54	33	71	97	178	147	90	212
53	94	112	48	32	72	98	175	146	85	206
50	94	110	51	30	76	98	177	141	81	206
48	93	108	48	30	81	98	175	140	86	202
52	94	114	50	26	78	100	169	135	85	200
47	93	115	50	21	75	100	166	140	82	201
49	91	119	52	20	70	96	161	136	77	197
52	95	117	52	16	69	97	161	131	71	196
53	95	122	48	21	75	100	164	135	76	191
49	101	116	47	21	77	95	169	132	73	185
48	106	117	53	16	82	100	163	126	77	190
53	109	121	48	10	82	106	160	129	71	192
52	112	124	43	16	87	103	159	131	71	196
52	114	118	49	19	93	100	158	131	73	196
53	118	117	54	18	87	103	161	137	74	201
56	116	113	51	13	92	100	156	133	78	201
60	110	113	56	10	96	94	158	139	80	205
66	112	112	56	4	95	92	154	142	74	201
62	117	113	52	0	97	88	149	140	69	198
60	111	109	53	3	100	91	155	146	73	192
58	114	108	51	3	95	87	159	145	78	186
60	111	110	48	1	97	84	156	148	74	188
55	109	109	43	1	103	88	162	154	78	184
59	107	106	37	2	101	90	165	149	83	186
57	102	110	32	0	104	91	165	152	82	192
52	104	115	29	1	107	88	168	146	86	195
46	98	112	26	0	102	90	171	149	82	189
40	93	115	21	1	97	94	177	145	78	187
43	89	119	26	4	93	94	178	151	78	186
49	87	122	30	8	98	99	175	152	78	192
51	81	122	33	12	103	94	175	158	82	191
56	76	118	28	12	105	89	171	153	81	188
55	75	123	31	18	105	90	166	157	80	192
59	79	121	32	12	103	94	171	154	78	188
54	82	127	33	14	102	90	173	160	76	189
60	85	127	35	17	102	96	169	166	82	192
63	83	125	35	21	105	94	169	162	76	194
67	82	119	39	20	107	89	174	160	71	199
71	87	119	38	25	108	92	170	160	73	204
75	93	121	40	28	110	90	170	160	76	207
77	91	123	44	25	111	85	171	154	79	207
81	88	127	48	20	114	85	176	153	85	211
79	90	121	47	17	114	80	176	148	88	216
73	90	119	47	11	116	79	177	153	83	221
74	94	125	52	7	116	80	179	155	80	220
78	88	123	53	11	117	77	183	150	76	222
81	92	120	54	8	112	82	178	146	70	217
81	91	116	53	10	116	79	179	143	65	217
87	96	122	59	10	118	82	175	146	69	222
93	90	117	65	14	114	85	170	140	68	227
87	88	116	67	9	108	83	175	137	74	232
90	93	121	69	12	111	79	178	143	70	235
90	97	122	75	12	109	75	178	141	76	237
90	96	126	80	14	111	70	182	140	81	235
94	92	128	81	17	109	67	183	136	84	233
95	87	132	76	18	114	66	181	140	81	228
96	91	132	82	14	108	69	177	137	78	234
100	86	128	84	9	109	67	174	141	75	235
98	87	122	88	12	108	63	174	144	72	229
94	86	125	89	13	113	63	169	150	78	229
97	88	124	91	16	115	67	172	154	80	227
98	89	126	96	15	115	73	178	153	86	225
104	93	126	100	10	118	74	173	147	92	221
110	98	122	106	5	115	71	176	141	96	216
114	100	128	101	11	113	76	179	141	101	217
118	101	132	99	6	118	71	181	135	95	212
112	96	131	95	11	115	73	184	139	94	217
110	93	127	91	12	114	74	188	138	96	220
110	94	128	97	6	115	71	187	132	92	222
113	90	128	94	6	111	72	183	136	98	218
110	92	132	97	5	108	66	182	138	94	223
106	94	132	95	11	105	60	186	134	97	219
105	94	135	97	6	109	65	187	131	100	217
100	96	139	101	11	108	63	192	137	99	218
99	90	144	105	17	109	57	187	133	104	216
102	93	145	110	16	113	63	191	134	108	215
98	98	146	115	22	117	68	197	137	112	220
102	102	149	120	26	115	63	202	131	107	224
103	96	148	119	30	112	68	199	128	105	219
109	96	148	125	27	118	73	200	134	110	215
107	93	146	126	25	113	76	206	139	105	218
111	88	149	130	29	115	72	211	141	100	213
111	82	149	129	30	115	71	206	140	99	214
115	86	151	132	25	118	76	209	138	100	217
119	87	154	136	21	112	73	204	143	98	218
122	90	155	131	22	107	68	201	147	101	224
125	93	152	128	24	102	74	206	148	101	219
130	93	153	130	20	105	75	212	150	102	224
135	92	159	124	15	101	74	213	154	100	222
138	91	159	123	9	102	73	208	160	102	224
132	89	156	121	12	105	68	203	159	106	218
131	89	155	118	9	108	74	199	157	103	216
137	95	149	121	12	106	75	204	151	97	212
137	90	154	122	11	112	78	210	154	95	208
133	93	150	120	7	111	83	211	157	93	208
133	90	152	123	3	110	89	205	162	98	205
132	89	156	122	0	111	85	211	156	93	205
134	88	157	123	0	105	86	208	156	97	203
130	82	159	125	6	100	83	207	150	102	200
129	85	159	124	8	106	86	203	154	104	206
132	90	165	121	13	110	82	205	152	103	207
127	92	159	123	7	108	82	205	155	108	207
131	91	156	129	3	107	76	209	152	108	210
129	86	153	130	7	113	77	215	155	106	206
133	80	158	131	13	111	74	221	154	102	205
127	79	159	135	10	113	76	222	160	97	211
133	77	155	132	16	107	72	221	160	98	210
128	73	154	135	20	104	78	227	166	103	204
129	73	156	135	17	109	72	222	166	107	204
133	79	156	137	21	111	71	226	166	107	208
136	78	154	131	18	117	74	224	170	104	207
140	81	154	137	12	112	79	225	175	104	212
146	76	152	139	8	115	77	223	173	107	207
144	76	158	136	5	119	82	222	173	107	207
149	75	163	136	0	124	88	218	179	113	207
152	75	162	133	0	129	85	212	176	115	213
156	78	158	129	0	124	81	211	176	116	207
158	76	152	130	0	121	86	214	173	116	211
158	80	153	133	0	122	89	208	177	110	216
155	85	158	136	1	123	95	203	173	104	215
153	91	162	130	0	128	99	197	171	108	219
155	96	161	132	2	129	100	203	170	108	222
152	100	166	136	7	133	94	199	175	102	217
158	96	168	137	3	127	95	194	174	106	220
162	97	171	139	6	126	95	198	170	100	217
157	91	169	141	9	130	98	197	174	103	217
154	95	174	147	6	126	103	191	179	106	222
151	95	180	146	0	131	97	193	175	110	217
148	98	175	148	0	135	98	198	174	105	214
143	101	170	149	0	140	94	197	175	111	214
147	104	172	155	0	144	95	195	178	106	218
146	108	168	158	0	141	98	193	175	109	216
150	111	170	161	0	142	102	187	175	107	217
148	114	174	163	0	142	102	193	173	112	211
143	110	171	167	0	142	103	195	167	111	216
148	111	168	164	0	143	107	192	171	114	211
152	106	173	163	0	144	107	187	171	108	210
151	103	176	168	0	143	109	187	165	108	210
147	109	181	170	0	145	114	193	162	104	215
144	109	184	169	4	141	117	198	168	99	217
143	106	185	163	9	146	119	192	166	102	215
138	104	186	164	9	141	122	197	172	100	221
132	108	188	158	13	141	118	196	174	102	221
133	107	186	155	18	146	113	191	174	96	227
137	109	188	161	17	143	115	194	169	97	230
135	110	186	161	19	145	119	192	167	91	231
133	114	187	156	19	140	117	197	162	96	230
134	116	192	157	20	139	119	197	166	92	226
139	120	186	156	17	143	122	194	169	90	222
140	114	182	150	21	147	128	194	164	89	225
134	109	179	151	16	142	129	188	165	85	221
133	106	175	149	21	137	128	185	171	90	215
137	107	178	154	17	139	123	191	175	94	210
136	102	177	156	15	140	128	191	181	91	207
132	98	182	156	21	140	125	189	180	90	202
136	94	179	150	16	145	127	193	176	87	201
139	90	184	152	18	150	125	191	177	84	204
141	86	181	154	15	149	126	193	183	90	203
144	89	176	151	17	149	128	193	178	85	207
147	92	174	156	18	148	124	199	179	88	213
145	95	176	156	16	151	123	193	180	94	215
150	100	172	155	20	150	119	197	176	100	211
145	102	171	153	15	147	125	193	172	98	211
144	99	165	156	19	149	130	189	178	99	214
141	104	171	160	16	154	135	187	184	100	220
145	105	176	166	13	151	129	192	178	104	223
150	106	172	170	11	155	133	197	181	109	226
150	103	177	169	6	158	133	195	187	105	223
148	106	175	163	7	156	136	194	187	104	218
142	105	179	160	1	159	135	195	184	98	223
138	101	184	158	5	157	139	193	186	93	228
136	102	182	158	11	160	142	195	190	88	222
131	106	182	163	5	166	143	195	193	85	225
125	100	177	162	8	160	146	192	196	85	221