SINAL	ATTEN	MED	H.A	L.A	H.B	L.B	M.G	L.G	THE	DEL
186	22	127	65	176	56	85	81	17	167	141
184	20	126	62	180	55	87	85	16	161	135
184	16	125	67	176	51	81	79	18	157	133
186	18	125	69	171	53	83	75	22	158	133
190	21	119	66	172	58	83	73	23	153	137
193	22	125	63	172	62	84	73	24	150	137
199	24	123	69	168	62	78	79	18	152	139
195	24	129	64	173	57	79	78	22	151	139
192	28	123	68	179	56	81	78	27	152	133
193	30	118	64	178	51	85	79	32	155	129
197	30	120	63	176	48	82	79	32	150	133
195	27	115	60	180	43	81	81	33	151	133
196	31	118	64	183	38	86	75	39	156	127
193	30	116	68	181	34	84	72	33	157	123
194	29	118	64	177	40	89	69	30	154	129
192	35	116	62	180	41	86	67	33	153	135
198	32	113	67	174	43	90	71	28	150	136
203	27	116	73	176	37	90	73	22	153	130
198	27	114	72	174	39	91	77	17	159	131
193	25	119	74	177	36	96	80	14	165	130
193	28	120	80	177	42	96	84	17	160	127
197	24	126	83	172	46	96	81	22	164	129
198	22	121	88	177	52	100	75	20	158	132
197	19	120	91	177	51	100	81	25	159	135
193	15	121	94	181	45	106	78	30	161	139
192	10	119	98	181	50	104	78	35	163	135
187	11	113	102	175	48	102	80	32	168	139
190	10	113	101	179	48	104	78	37	169	133
193	9	108	107	175	53	110	83	34	166	130
199	15	112	101	172	55	111	83	38	166	130
204	16	115	107	177	55	111	78	38	162	133
202	22	121	104	178	54	107	78	43	168	129
206	18	116	101	183	49	105	72	44	165	132
210	18	121	100	181	54	100	70	38	160	132
211	12	121	94	182	57	95	68	35	162	138
215	17	120	99	181	51	89	67	38	163	136
218	21	115	103	184	53	92	67	42	158	131
219	17	111	97	184	48	86	66	48	164	129
213	20	113	102	186	47	87	69	43	160	125
207	16	111	104	187	45	90	71	42	162	123
212	20	110	106	185	40	91	72	37	163	119
210	14	112	105	186	39	86	77	36	169	123
214	14	117	107	189	41	86	80	35	171	128
215	14	113	111	194	44	81	84	34	165	123
221	9	113	107	191	45	83	90	38	164	119
225	14	115	108	188	44	82	91	34	166	118
229	8	113	110	185	39	82	92	30	161	116
229	14	116	111	190	45	88	95	26	159	120
224	12	118	114	186	46	85	93	27	165	115
222	17	121	110	180	46	88	91	27	159	110
217	20	124	114	182	44	90	89	28	154	115
217	20	118	118	184	45	94	84	22	148	110
214	18	121	118	183	49	89	80	28	144	115
217	14	118	114	179	47	86	86	22	146	121
222	9	113	119	182	41	87	86	18	144	121
226	15	118	119	183	36	84	80	13	146	118
223	20	116	120	187	31	86	78	18	145	116
218	26	116	125	187	30	80	75	13	144	114
213	31	111	128	183	33	77	69	13	148	114
213	34	111	134	179	37	76	73	16	149	108
212	39	106	138	173	36	81	72	10	147	106
218	43	101	141	174	34	79	72	4	143	112
224	49	103	145	175	38	73	74	1	148	109
220	52	102	150	176	41	70	69	7	151	110
225	52	104	155	174	38	76	66	10	157	114
231	56	101	151	169	43	81	72	13	156	117
234	62	99	146	168	47	82	73	14	155	121
235	62	102	142	163	52	78	74	11	160	123
234	66	105	146	166	51	78	75	15	165	122
240	69	111	149	171	50	77	80	20	171	120
244	64	113	144	171	48	73	83	24	177	117
248	63	113	138	175	47	72	81	28	181	121
249	66	109	140	176	50	77	82	32	179	121
255	69	110	134	172	55	72	78	38	177	119
252	70	106	139	171	53	77	83	34	173	116
250	70	102	143	176	56	71	84	34	179	115
247	74	102	140	171	52	75	87	34	184	117
250	75	103	135	170	52	73	88	35	179	118
248	74	98	131	171	55	78	89	29	180	115
242	70	92	128	174	52	74	91	32	180	113
243	70	88	129	179	52	71	92	34	176	110
241	68	92	130	175	46	69	89	31	177	111
236	64	95	131	171	45	72	95	26	172	114
236	61	100	125	172	42	73	91	31	167	110
236	55	105	119	171	43	71	94	26	170	110
232	61	103	116	171	44	65	96	25	167	108
226	60	108	121	176	39	61	96	23	170	106
223	62	111	121	170	45	65	99	27	171	107
221	56	107	120	166	41	61	103	29	176	103
217	53	110	116	171	35	66	107	25	182	105
211	57	112	116	175	38	65	113	24	186	102
208	57	108	116	177	44	70	112	28	183	97
204	55	106	113	172	46	76	113	23	184	93
208	52	110	112	170	52	77	109	23	179	98
214	57	107	116	164	48	81	114	18	178	98
208	57	112	121	168	49	85	117	15	175	95
212	59	112	125	167	55	80	112	13	177	91
212	59	116	127	163	52	74	108	7	171	86
217	55	118	133	161	46	78	114	6	173	87
223	58	112	135	158	42	75	112	4	178	81
218	53	118	134	155	47	71	118	8	182	82
222	59	123	138	152	43	65	123	10	177	80
226	55	123	143	155	42	65	127	11	179	86
230	49	123	138	152	47	63	130	10	182	82
225	49	126	137	155	49	65	132	12	184	79
221	54	121	142	151	46	68	127	9	190	76
216	58	119	148	156	40	70	123	10	195	77
216	61	122	147	153	34	66	127	13	200	73
220	56	124	153	147	40	72	132	7	203	71
214	52	128	156	144	40	72	128	6	206	73
213	46	123	150	139	45	77	125	3	201	68
210	44	122	146	136	50	79	120	4	205	69
207	44	119	151	132	51	82	118	10	209	69
207	48	115	146	128	47	77	112	4	211	74
202	54	110	145	129	47	72	118	8	206	78
207	60	104	146	132	46	68	121	10	208	72
204	56	99	149	130	52	73	127	8	203	66
201	53	95	150	131	56	70	125	14	200	69
203	56	96	146	130	56	69	119	13	204	69
199	53	102	147	133	55	74	115	11	202	72
193	51	103	151	130	58	76	120	6	206	76
187	47	99	155	134	56	78	121	9	204	75
190	46	97	149	133	62	72	124	4	209	79
193	43	93	146	135	67	69	126	9	206	84
190	39	96	147	130	66	72	131	12	203	87
191	33	100	146	126	69	75	131	11	197	81
189	38	104	144	122	71	74	134	11	196	83
186	37	103	149	116	72	72	136	5	195	78
181	40	99	149	113	73	75	139	0	191	76
185	43	105	152	115	76	71	137	1	189	80
179	47	102	150	118	71	76	142	6	188	86
181	44	108	151	118	77	74	140	10	182	81
175	49	110	154	124	83	72	139	6	177	83
172	50	104	159	120	82	68	136	2	183	80
170	52	103	162	118	86	65	139	0	186	81
169	47	102	163	123	82	71	134	0	186	80
165	52	104	164	118	79	75	137	1	185	75
167	57	106	170	121	76	79	143	4	181	78
164	55	112	173	122	74	85	137	6	184	80
168	57	110	178	119	76	88	132	11	180	85
171	57	116	179	122	78	88	127	16	177	82
176	58	113	173	121	82	85	126	19	173	81
178	59	116	173	126	85	80	125	16	171	87
179	61	120	167	123	83	85	125	11	169	89
182	58	118	165	121	80	89	130	9	171	86
179	57	116	168	117	84	94	136	6	170	82
174	52	117	165	112	80	100	139	6	166	87
175	47	112	167	112	74	105	138	2	161	86
180	41	110	169	115	80	99	137	0	162	85
186	45	110	169	121	76	96	131	6	162	90
180	49	111	164	118	72	101	135	10	157	85
184	53	113	162	118	78	95	137	16	161	89
180	57	107	159	112	73	89	138	21	155	92
178	63	106	160	109	69	87	134	19	160	86
176	67	111	156	109	64	85	137	18	157	92
180	67	107	156	109	66	86	136	22	161	97
184	69	104	159	111	67	89	131	19	166	92
184	74	109	157	112	72	84	129	23	168	91
185	76	109	159	106	71	86	135	17	166	85
182	74	103	162	103	66	86	141	20	162	83
184	73	98	163	99	65	91	135	23	160	87
187	77	104	162	101	70	88	129	28	159	85
181	81	108	158	96	70	83	132	32	164	88
181	80	103	153	101	65	82	131	31	169	87
180	82	108	157	102	65	80	130	37	166	88
180	79	103	154	99	64	78	126	38	164	93
174	75	106	159	95	65	75	125	38	169	89
180	76	106	154	95	69	69	126	36	175	91
181	80	103	156	101	72	67	120	31	174	90
185	84	104	152	106	73	61	118	25	169	87
188	79	109	158	112	76	56	121	24	173	82
183	83	112	158	108	76	60	118	28	172	77
180	80	111	152	113	72	66	123	22	175	77
178	77	114	151	113	72	71	119	23	171	81
178	79	108	145	117	70	68	124	25	177	76
176	85	108	145	118	65	69	129	28	182	77
179	87	114	145	120	70	66	127	27	183	83
177	86	115	144	116	71	66	130	28	178	89
183	89	119	138	115	65	67	131	25	177	92
181	85	122	138	111	71	70	125	23	183	97
182	91	122	143	111	68	67	129	20	183	98
181	89	119	143	109	73	66	131	19	183	100
185	84	125	137	107	70	66	135	13	180	99
186	80	119	138	102	64	71	134	9	186	105
185	75	113	139	108	66	67	128	10	185	103
189	80	114	140	107	62	70	134	10	189	106
191	74	108	144	108	64	71	131	8	194	105
189	76	110	144	108	59	76	130	7	195	108
185	73	114	148	109	64	73	132	10	197	103
185	72	108	150	106	64	68	136	15	200	106
180	74	108	147	107	63	65	134	10	206	109
178	71	114	141	103	66	69	128	11	207	103
173	72	118	144	99	71	69	125	16	201	109
175	76	114	146	95	72	64	127	17	202	115
169	74	120	143	100	78	66	132	15	208	115
167	78	114	144	94	79	69	128	10	213	117
166	80	115	147	99	77	72	129	9	214	114
166	83	121	147	93	77	75	129	3	208	108
162	79	121	149	90	80	70	131	4	210	104
166	79	123	148	95	76	64	129	3	205	110
171	73	119	145	94	77	60	131	0	205	113
169	78	115	147	98	83	59	133	3	199	107
169	77	118	148	98	88	56	135	7	197	109
167	78	118	147	99	89	55	141	5	191	108
169	82	124	148	96	87	58	146	10	192	112
169	77	120	147	92	92	61	146	4	192	112
167	81	117	153	97	95	57	147	8	192	115
171	78	116	151	92	96	53	148	11	193	115
166	77	117	145	90	100	50	150	16	193	110
164	71	113	141	88	96	54	151	17	199	111
167	77	115	140	92	98	49	155	23	205	117
161	79	113	138	89	95	52	151	29	207	123
161	77	115	139	86	99	47	154	27	204	124
164	77	112	133	83	96	53	149	26	200	130
162	74	118	130	86	100	57	152	26	204	132
167	74	112	135	87	94	63	154	22	209	129
166	70	118	130	81	95	59	152	17	214	125
170	64	114	133	80	90	60	150	23	212	131
174	61	114	135	74	87	65	152	28	206	135
169	57	111	133	80	84	62	149	29	212	141
168	54	111	127	81	82	67	146	28	217	145
172	54	116	129	85	88	73	149	29	223	149
171	55	111	127	87	92	78	154	25	227	144
175	50	107	128	89	95	84	160	19	228	140
171	46	110	127	92	93	84	160	17	223	137
168	41	104	126	91	93	84	162	15	229	132
172	41	104	126	92	98	87	163	12	235	127
167	44	102	121	86	97	84	162	14	234	125
165	41	104	123	86	95	90	163	19	232	128
164	45	104	117	83	98	94	159	20	233	130
163	44	98	116	84	98	95	156	21	236	133
161	46	92	114	78	101	96	160	27	230	133
165	45	95	120	81	95	93	162	21	230	133
169	44	99	117	82	90	97	160	21	226	133
169	40	96	116	84	88	98	155	25	223	127
165	39	91	120	85	93	100	160	24	223	127
160	37	91	116	86	99	98	163	25	219	125
160	41	88	115	92	95	94	160	22	223	125
163	43	91	117	86	90	94	156	18	223	120
162	43	94	114	87	88	93	160	18	221	120
161	42	96	112	87	86	94	154	19	216	117
164	42	96	117	89	84	95	149	24	212	114
162	47	98	116	94	86	99	153	26	217	112
163	41	101	115	99	91	94	155	31	220	110
169	41	104	118	102	91	88	157	30	216	108
163	36	101	120	100	90	86	157	24	211	109
158	42	105	116	97	96	87	157	27	211	103
164	43	110	112	98	97	92	158	26	211	106
158	48	107	114	100	96	97	158	21	207	109
153	50	106	120	97	98	101	164	17	208	103
155	51	100	122	95	99	102	161	11	209	108
150	51	100	120	93	95	107	163	7	207	105
155	57	96	118	91	97	102	163	9	202	100
155	60	96	112	94	96	96	158	4	196	102
161	54	95	110	92	98	94	156	7	195	99
156	60	100	104	94	101	93	150	6	189	93
158	65	97	102	99	95	98	154	11	187	90
154	69	100	104	98	93	97	155	13	191	96
154	67	96	106	99	87	98	151	16	195	93
156	71	97	112	98	88	94	156	21	190	87
154	75	93	113	95	85	93	161	20	196	81
152	70	93	111	93	83	97	157	18	200	81
148	69	94	112	89	88	95	153	13	201	75
152	64	98	111	91	82	92	159	12	202	72
149	69	98	110	87	82	94	154	17	199	67
153	70	102	116	84	85	99	159	22	202	61
155	70	98	113	90	88	98	159	20	206	55
157	75	94	119	91	85	100	163	23	203	60
162	73	88	113	91	90	97	169	21	206	66
160	68	94	119	90	91	97	170	19	210	67
155	72	95	117	87	92	103	172	16	212	66
154	74	96	123	93	95	107	175	13	207	69
153	75	98	120	92	99	104	176	8	206	72
150	81	104	122	90	103	108	180	3	200	71
154	81	105	126	96	104	113	185	0	197	72
157	83	103	131	97	107	118	181	6	198	72
152	87	105	131	99	113	118	178	9	199	76
150	91	101	134	95	115	122	180	8	194	74
152	93	105	129	89	119	123	174	3	197	77
148	92	106	124	95	125	120	172	0	200	78
153	86	107	126	101	124	119	175	0	196	76
150	81	111	124	95	125	117	171	4	202	73
146	76	109	125	101	119	121	170	7	206	72
140	72	104	128	106	121	125	170	13	204	68
142	76	109	134	108	123	122	175	13	204	62
143	81	109	129	110	117	125	169	14	206	68
140	81	113	130	111	113	122	170	11	206	68
139	83	108	126	115	109	127	168	17	200	70
135	85	102	121	120	107	129	165	12	201	69
140	81	105	119	117	112	131	169	7	200	63
134	75	107	121	117	117	131	164	7	203	64
136	74	106	119	117	122	132	160	10	200	62
139	76	100	122	121	117	134	156	8	204	68
137	74	104	126	115	119	129	157	6	203	67
142	77	101	125	120	125	125	153	6	208	65
143	82	107	125	121	125	128	149	0	211	64
147	78	113	121	126	123	125	144	0	213	59
153	79	114	124	132	124	127	149	0	218	64
147	81	111	118	137	127	132	144	0	224	61
147	80	110	112	131	132	133	143	0	228	57
142	74	111	107	135	126	138	138	0	231	59
138	75	106	107	131	123	134	135	0	228	60
143	79	100	106	131	118	131	139	1	228	64
140	81	106	102	137	115	125	140	1	232	60
145	83	100	98	135	116	123	137	0	228	55
144	87	104	96	134	113	120	131	4	230	54
139	81	101	94	137	107	121	130	8	225	53
138	76	105	100	138	112	116	130	2	227	49
134	77	104	106	142	109	121	126	2	231	55
138	74	110	110	140	104	125	128	3	235	51
137	68	104	109	146	104	124	122	0	231	46
142	63	101	106	149	108	126	119	4	232	51
146	63	98	110	145	113	128	114	1	235	52
150	62	98	114	150	113	132	113	0	235	47
149	66	93	112	149	111	137	114	6	238	42
153	68	94	114	155	115	133	112	11	235	40
148	62	94	119	151	112	139	106	8	234	40
145	65	100	118	147	107	138	103	14	236	41
148	68	99	116	145	105	136	101	10	236	47
145	65	105	119	141	105	141	99	6	237	41
145	62	104	115	135	107	145	93	10	240	36
140	61	102	114	130	110	139	99	9	245	37
137	63	104	111	132	106	139	101	12	247	42
132	57	104	111	132	107	139	96	18	246	48
133	52	101	105	137	108	135	90	22	241	50
133	50	99	100	141	112	130	86	26	237	48
127	44	97	98	144	117	134	81	25	233	52
122	49	99	95	148	118	134	83	22	233	47
118	45	98	99	143	122	129	87	27	234	53
123	46	96	100	147	120	134	88	31	239	52
124	46	92	100	150	123	131	85	25	244	53
126	45	90	98	145	124	129	84	28	245	47
120	50	85	100	141	119	132	89	33	245	46
115	45	85	99	146	120	131	87	32	250	44
117	43	83	96	149	125	126	87	32	251	46
113	44	77	98	150	125	126	89	32	252	40
113	44	74	103	150	131	129	86	34	248	44
117	38	74	108	144	130	132	84	35	246	45
112	38	71	102	144	132	126	88	31	249	46
111	42	74	107	140	128	132	84	37	249	51
110	37	68	103	143	124	136	89	31	246	55
110	35	65	101	141	118	137	88	34	252	59
114	36	69	101	135	124	143	86	34	252	56
113	36	75	101	136	124	146	87	36	255	58
111	30	78	103	136	121	146	89	42	255	63
110	36	84	100	141	118	143	86	45	255	66
106	41	79	104	137	112	148	91	47	254	68
102	40	80	102	143	112	154	97	50	255	65
101	34	75	98	144	110	156	98	46	252	65
101	39	76	97	149	115	154	104	45	253	65
106	34	76	92	150	112	153	106	39	248	71
111	37	76	90	150	108	148	100	36	248	69
109	39	80	87	150	105	144	95	39	250	74
108	43	85	93	156	108	142	93	33	251	79
105	40	90	92	157	106	136	88	30	255	83
110	36	87	93	162	104	130	86	30	250	81
106	37	90	96	159	105	128	81	25	248	86
112	39	95	96	156	100	123	76	27	251	92
106	43	90	97	159	103	128	81	22	246	94
107	38	96	96	153	106	125	82	20	250	91
102	42	97	90	148	104	119	79	20	254	87
97	47	98	89	152	107	118	81	21	248	81
93	45	100	90	148	108	121	79	15	250	81
97	44	100	84	146	105	117	80	9	245	87
103	40	101	86	144	100	115	85	5	242	83
100	38	95	84	138	101	116	90	7	241	86
104	43	97	80	132	95	113	91	8	242	81
106	41	102	75	132	99	107	85	9	238	79
112	36	106	79	126	97	106	88	5	237	77
107	30	103	77	122	92	101	84	11	234	74
112	36	102	78	125	86	102	81	10	228	78
113	33	106	84	130	89	102	76	11	229	74
119	38	106	82	128	89	104	71	10	226	72
119	41	100	85	134	91	105	77	15	224	68
117	35	97	86	130	91	109	83	13	220	67
113	35	102	86	129	92	103	82	8	226	61
111	36	103	90	125	96	97	82	14	231	65
113	41	103	93	121	96	96	77	9	228	66
115	40	109	96	123	100	91	81	13	222	69
110	44	111	90	119	104	90	76	10	218	70
113	40	113	85	122	106	93	71	8	216	64
113	35	109	85	121	106	98	65	3	214	62
109	34	105	80	119	100	93	62	0	219	64
112	28	110	83	120	103	87	65	3	223	66
110	29	114	89	119	103	91	67	3	218	62
107	29	117	94	113	102	91	67	5	219	62
101	34	112	99	116	96	87	73	1	217	58
103	31	111	104	122	94	85	75	0	219	54
107	30	112	108	122	99	88	79	0	222	59
111	26	110	109	117	101	86	75	0	226	56
111	30	112	110	121	103	82	72	0	222	52
110	30	106	112	117	103	82	67	3	224	47
108	33	109	109	111	100	77	68	7	220	42
104	36	110	106	106	100	73	67	5	218	36
110	31	109	101	107	102	74	70	6	216	42
116	36	110	99	112	97	70	71	1	220	44
122	32	115	95	106	100	64	72	0	220	50
124	26	115	96	104	101	59	75	0	220	51
128	21	113	97	100	101	59	80	0	215	49
133	25	113	94	103	103	53	75	0	218	45
139	20	108	95	99	98	50	77	0	219	40
142	26	108	97	94	103	47	71	2	221	43
140	28	107	102	100	106	46	68	1	217	46
143	33	106	99	106	105	50	74	3	215	48
139	27	108	98	103	99	55	72	9	211	48
145	21	102	99	105	95	49	68	5	212	43
145	27	105	93	103	89	52	69	2	217	47
145	24	99	99	97	88	47	63	1	216	42
145	30	95	104	96	93	43	67	0	211	44
140	29	95	100	100	99	39	67	0	215	38
142	29	95	106	98	94	43	70	0	217	34
141	28	93	112	104	95	43	69	0	223	39
138	31	87	114	100	90	45	65	0	217	33
136	26	89	111	98	86	44	64	6	217	28
130	22	92	113	98	90	40	70	2	217	24
136	16	87	116	96	90	38	71	5	218	18
134	21	92	120	92	94	41	74	10	224	19
133	23	88	115	89	97	39	79	14	219	19
133	27	82	115	91	102	35	78	12	215	20
132	31	82	115	86	102	34	80	15	217	14
134	36	83	115	86	101	37	85	21	219	13
130	36	83	118	90	104	35	85	18	215	7
133	36	80	119	95	105	34	80	13	210	7
139	30	84	123	89	103	38	81	15	216	10
139	36	83	120	85	108	36	85	16	216	7
143	33	84	114	88	106	41	84	18	213	10
146	39	79	119	87	108	46	87	17	208	10
150	37	74	118	84	113	45	83	19	203	11
148	36	68	117	78	119	43	85	22	203	13
147	40	71	120	75	123	40	90	25	208	17
143	41	70	123	73	124	38	86	30	210	18
140	36	66	126	67	125	35	91	30	205	20
138	35	69	130	64	125	34	87	25	207	21
138	29	70	134	67	126	40	85	21	210	20
137	29	76	138	68	124	42	79	18	207	15
140	25	74	133	71	121	36	78	13	203	9
135	20	74	134	67	125	42	74	17	200	5
141	14	71	131	61	130	41	69	19	200	4
144	18	69	128	62	133	40	64	22	196	6
146	19	70	130	60	134	42	65	16	194	0
146	25	64	129	60	139	47	66	21	191	0
144	28	61	129	64	137	45	70	27	192	0
140	24	59	128	67	139	40	75	24	189	1
145	27	57	126	70	144	38	78	19	192	5
143	22	53	131	73	145	32	77	21	194	5
137	24	58	126	70	142	29	71	18	198	7
143	18	57	122	64	144	27	73	18	197	13
138	22	56	128	65	139	27	79	21	199	15
132	22	55	126	69	138	31	79	22	194	13
131	24	57	128	74	135	34	85	17	194	12
132	30	55	124	77	134	31	90	20	194	17
138	27	50	128	78	137	31	87	14	195	18
142	25	54	131	82	131	35	93	20	195	18
136	24	50	131	76	132	34	87	15	195	13
133	24	46	125	82	136	31	84	12	194	19
134	27	47	125	81	138	37	79	12	198	15
134	24	42	125	84	139	38	74	12	201	11
135	27	37	128	90	145	38	70	8	206	11
135	21	38	131	87	140	32	72	11	212	17
133	16	41	133	89	142	38	66	12	213	15
132	10	35	132	94	143	42	69	12	214	13
134	10	37	127	94	142	41	66	17	212	8
132	15	34	133	92	138	44	66	12	217	3
128	11	39	131	88	144	40	70	18	216	8
131	17	33	127	87	150	43	69	24	214	5
136	16	37	130	85	155	39	70	20	217	7
133	19	40	126	81	155	41	76	23	215	9
133	20	35	129	82	151	37	73	27	218	13
128	18	30	135	88	151	36	70	23	224	12
128	18	29	131	91	156	42	72	23	227	18
128	16	27	131	95	158	44	71	20	229	14
134	17	27	128	90	157	40	70	16	233	18
128	17	29	134	90	151	36	75	12	230	16
134	13	24	138	89	150	40	75	12	231	22
131	15	21	144	86	144	38	78	13	226	25
129	11	18	143	88	145	33	79	7	230	31
124	13	15	148	83	149	29	78	3	230	29
128	12	17	148	85	153	33	84	9	224	32
127	12	16	142	91	154	31	80	9	222	26
125	10	20	137	87	160	28	85	3	216	26
120	5	25	135	90	163	23	91	1	214	21
124	6	24	134	96	166	22	87	0	219	22
121	6	28	137	95	163	24	89	0	217	24
116	0	33	143	99	158	25	95	0	221	20
118	0	30	145	97	158	24	95	1	222	15
119	1	27	142	95	156	28	97	6	223	13
120	0	28	139	90	153	28	98	3	226	15
120	0	25	138	88	159	26	92	4	221	16
125	0	21	139	92	161	31	92	0	222	13
119	0	20	136	94	157	35	86	0	221	16
117	0	19	137	93	159	30	92	0	215	10
115	4	13	132	93	157	35	98	3	217	12
111	5	18	130	92	155	39	96	8	212	17
110	9	12	128	93	158	44	102	8	213	16
113	10	18	131	88	158	41	102	6	212	10
118	15	20	135	83	156	40	108	11	211	16
123	15	21	130	87	159	36	107	15	212	18
122	14	21	129	92	159	38	103	11	216	22
123	12	21	134	87	162	38	103	5	216	18
126	14	18	131	90	158	37	98	6	213	19