SINAL	ATTEN	MED	H.A	L.A	H.B	L.B	M.G	L.G	THE	DEL
69	204	27	239	227	166	175	15	53	232	134
74	206	27	243	230	162	170	19	56	236	139
68	200	29	245	235	167	167	17	60	237	142
70	202	31	249	240	170	164	18	55	231	140
73	200	37	245	235	173	168	13	51	235	142
75	198	32	240	234	175	165	10	46	239	146
77	193	33	234	235	173	165	16	48	240	148
72	196	29	236	238	178	167	18	42	245	150
78	202	29	236	239	172	169	15	43	245	148
84	202	32	241	237	176	173	16	38	248	148
87	205	35	240	233	179	172	12	36	244	147
86	202	37	239	231	181	178	15	30	248	150
80	206	34	237	230	187	172	16	28	247	151
85	202	29	241	236	182	167	20	24	250	155
86	203	29	247	240	180	164	22	20	254	157
80	201	27	245	242	174	164	16	20	255	159
74	207	21	250	236	176	167	18	22	253	160
75	205	24	254	234	171	169	21	27	255	157
80	203	22	249	238	168	164	22	27	250	152
78	208	28	249	238	174	167	19	26	249	150
75	207	26	243	233	171	167	18	27	245	150
75	206	29	243	234	165	167	23	24	243	151
76	210	24	242	229	164	164	19	21	241	154
79	204	23	239	234	166	170	21	23	245	156
78	207	20	244	229	160	174	17	25	250	154
84	202	18	247	231	163	180	14	20	245	155
85	203	17	249	230	157	179	12	20	239	153
84	200	20	254	235	163	183	17	21	235	158
90	205	22	255	236	158	184	13	25	237	160
90	205	16	255	232	155	180	9	25	243	154
93	207	18	255	236	152	186	14	23	238	149
98	205	14	255	240	150	180	11	27	242	145
96	200	11	255	241	154	181	7	25	247	147
92	205	15	252	242	159	176	13	21	252	142
93	205	17	250	246	157	181	16	25	255	148
91	207	20	253	241	155	176	12	22	253	153
97	207	23	255	240	156	172	14	26	252	159
97	211	18	255	240	150	169	11	23	248	164
94	208	14	255	234	147	170	10	27	244	161
95	202	17	255	234	143	165	6	27	240	159
100	199	12	250	229	139	170	7	33	234	156
106	196	15	249	232	137	173	6	36	231	150
110	198	11	245	227	143	172	2	41	237	154
106	196	13	246	224	139	177	0	36	240	153
106	198	8	246	223	137	172	6	33	239	155
106	195	14	242	227	143	169	9	32	239	149
111	198	18	239	233	138	173	8	37	234	146
108	202	20	242	234	134	173	12	40	231	145
109	197	19	238	230	133	172	15	45	227	148
113	194	13	242	228	135	168	19	46	231	148
108	190	8	245	230	138	165	21	43	228	143
112	185	10	245	231	138	170	25	49	224	143
109	182	9	247	233	140	173	23	52	218	145
103	182	4	252	232	145	178	21	48	222	144
101	184	2	251	235	139	173	21	47	218	140
105	183	8	254	231	143	179	20	49	214	139
109	189	12	255	228	141	175	16	49	211	137
112	185	15	255	223	146	172	15	50	212	136
111	184	18	250	219	151	168	10	47	209	142
112	187	21	254	223	149	166	5	47	204	142
109	186	16	250	228	147	167	0	51	208	138
115	188	17	244	232	146	165	1	52	213	134
119	188	20	250	233	147	166	1	58	212	129
113	188	17	245	228	151	163	0	63	210	131
112	193	16	241	230	157	167	0	62	206	126
115	195	18	241	236	161	167	0	56	200	127
118	194	17	246	235	163	163	0	56	201	131
117	195	17	243	239	165	168	0	60	206	136
122	196	21	244	241	169	166	6	61	209	134
124	199	26	245	244	165	160	3	63	213	132
127	196	27	247	246	171	166	0	59	214	136
129	190	26	241	249	168	167	0	56	220	130
135	189	24	237	251	170	166	0	54	214	135
130	183	22	238	252	175	172	0	52	219	136
136	184	28	239	255	175	176	6	49	219	130
140	190	26	244	249	176	178	3	52	216	130
134	191	20	250	243	171	174	5	52	211	127
140	187	20	244	240	170	176	11	48	215	124
141	193	19	250	238	171	177	14	42	209	118
137	195	25	248	243	167	172	8	37	209	121
139	199	23	247	239	162	174	3	33	203	118
137	200	19	246	244	156	171	1	29	201	123
132	203	22	250	242	151	176	0	27	205	121
137	206	21	250	236	145	172	0	27	202	117
141	207	21	250	238	147	170	0	27	202	111
137	203	27	255	236	147	170	0	24	197	117
136	207	30	253	239	148	169	6	26	202	117
140	203	31	251	235	145	168	10	31	198	117
139	205	37	248	233	144	169	6	36	195	117
136	204	39	247	230	139	170	8	31	189	119
131	198	44	243	225	140	173	10	26	190	119
128	201	43	246	230	137	173	11	22	186	114
134	206	46	244	224	139	173	9	26	192	120
128	204	50	240	225	141	176	9	27	189	126
126	202	44	243	222	139	170	14	29	195	127
130	200	47	238	223	134	165	11	29	194	127
131	199	48	242	229	139	171	10	31	190	132
131	202	50	237	231	136	174	16	30	195	127
137	202	47	238	236	141	179	10	25	194	127
134	201	51	232	240	138	174	11	19	195	127
131	201	52	233	234	144	173	17	15	197	122
134	200	57	238	231	149	171	20	21	202	125
139	196	56	236	237	153	176	25	23	207	131
133	192	50	234	242	147	171	30	18	208	129
132	196	46	237	247	144	175	25	22	214	125
131	194	43	241	247	145	181	20	18	211	119
134	189	38	244	253	143	180	19	23	211	115
136	184	43	239	253	139	185	15	20	209	110
134	183	41	235	252	140	181	19	21	205	114
138	179	45	235	250	136	178	24	17	207	117
140	175	39	240	249	133	181	30	20	210	120
139	173	44	240	244	127	180	27	19	205	116
139	173	46	240	246	127	174	26	22	201	110
136	168	41	236	245	128	172	23	26	207	107
134	170	42	238	249	128	176	22	22	204	101
139	173	40	233	253	123	173	20	21	204	101
142	168	34	229	252	125	170	25	21	204	96
142	169	36	231	254	126	164	29	15	205	95
145	169	42	225	255	129	161	32	9	206	92
146	173	45	223	252	134	161	34	4	203	92
146	170	48	220	255	128	162	35	0	201	97
145	173	53	220	255	129	160	41	5	196	94
139	168	49	217	251	125	164	45	4	198	89
144	164	55	215	246	121	170	44	9	196	92
147	161	51	215	241	121	167	39	11	202	91
144	165	46	213	240	121	164	36	5	202	94
141	162	42	209	237	117	165	34	3	207	93
146	160	48	212	238	114	167	33	3	209	90
142	154	49	216	232	113	166	34	1	204	96
145	159	54	216	228	111	160	39	0	200	96
147	155	52	219	222	106	162	41	0	195	92
145	149	57	224	216	107	161	44	0	196	96
150	145	57	219	220	103	157	49	0	202	101
146	151	56	222	214	108	153	43	5	205	97
150	146	55	225	213	109	154	42	1	201	97
152	152	61	227	208	109	158	43	7	201	103
151	156	62	232	208	113	159	44	9	195	98
146	162	62	233	214	115	153	50	5	191	94
146	166	68	228	218	117	159	49	3	192	95
141	168	65	233	217	118	156	43	0	186	93
136	162	67	236	222	115	151	43	0	187	97
137	163	67	235	217	110	157	48	0	186	101
132	165	66	239	218	115	159	48	4	184	96
126	164	72	237	217	117	160	46	5	184	95
125	163	71	238	215	116	166	45	10	178	90
126	164	73	236	216	114	169	46	12	177	89
125	164	76	239	222	120	171	52	9	174	87
122	170	77	234	224	115	173	55	3	179	88
124	173	78	232	220	109	173	59	2	184	87
124	167	79	238	217	111	173	63	0	181	84
121	170	82	236	211	117	179	60	0	177	80
127	174	78	230	212	119	177	61	0	183	74
123	170	84	235	216	113	179	57	0	186	73
124	173	82	233	212	113	183	53	0	186	79
127	168	85	237	210	116	180	50	3	180	74
131	163	84	236	207	117	178	55	9	181	74
130	161	87	235	204	112	172	55	3	183	68
127	157	92	236	206	116	176	54	4	185	72
127	157	98	230	202	118	174	51	9	181	69
123	162	101	225	200	114	170	46	12	180	70
121	157	102	225	204	114	172	48	15	178	67
120	161	97	221	200	113	176	49	10	180	70
119	157	102	225	205	114	173	43	9	175	65
123	156	106	225	201	109	171	40	13	177	71
121	153	102	231	196	115	175	43	7	178	65
123	155	106	228	193	120	172	46	11	177	61
122	151	104	231	193	123	168	45	15	177	55
120	155	110	228	199	124	171	48	17	174	53
116	157	109	232	196	121	166	53	12	176	55
112	160	113	230	199	119	167	57	13	173	61
115	157	116	225	196	119	163	60	18	169	60
116	158	117	231	199	114	160	55	16	166	56
111	155	116	230	201	112	165	59	15	160	58
117	155	118	234	203	116	165	60	11	158	63
122	153	115	235	201	122	163	62	10	163	67
126	151	119	229	197	117	165	68	8	160	73
125	157	120	232	203	121	170	68	11	164	72
124	158	121	233	197	124	173	65	13	162	70
127	164	120	231	200	126	170	67	8	160	70
124	165	116	227	199	126	164	68	11	159	70
123	163	116	227	195	120	169	64	5	159	67
128	166	110	232	193	122	171	69	1	159	71
134	168	113	227	189	127	175	73	0	165	65
138	169	111	227	191	129	180	71	0	167	67
142	171	114	224	193	126	177	70	0	172	61
143	166	117	223	188	123	176	68	0	178	64
145	169	120	217	188	122	178	63	0	175	65
143	168	126	219	184	127	174	59	5	178	65
145	174	132	221	188	131	175	59	6	183	63
147	177	131	223	184	129	170	58	10	177	63
141	183	125	220	184	128	171	63	9	183	67
142	183	126	220	181	133	172	60	3	179	61
140	189	124	223	185	138	168	56	8	176	65
143	185	120	224	181	140	167	51	9	170	65
145	191	115	218	180	137	167	57	15	176	66
140	193	117	218	177	135	168	54	10	181	71
140	197	123	219	174	135	162	57	11	179	65
144	199	122	217	168	136	161	55	11	176	60
147	199	127	211	169	141	166	51	10	182	59
152	195	128	208	171	139	160	45	16	180	54
158	198	132	207	177	136	165	48	13	176	58
160	194	126	209	173	140	169	49	12	174	54
166	190	127	215	169	134	171	45	8	180	59
163	196	121	209	166	131	171	47	9	186	63
157	201	115	210	171	128	171	51	11	186	68
157	197	119	213	167	134	174	49	10	186	65
163	195	116	208	163	128	170	52	8	185	67
164	195	110	214	167	126	173	56	10	188	66
170	195	104	209	165	125	171	54	11	194	72
176	201	107	207	162	130	174	50	5	194	74
179	202	113	211	159	131	170	48	0	190	77
176	201	111	206	165	136	176	42	3	185	74
177	204	108	203	165	130	177	38	0	180	71
173	209	107	202	159	127	176	38	2	180	69
178	207	110	199	161	123	180	42	2	186	70
172	210	116	194	165	126	179	44	4	191	64
173	204	122	194	162	128	183	50	0	186	66
175	206	128	191	157	133	182	50	0	183	64
172	207	128	189	160	130	185	44	0	177	69
176	201	130	192	163	131	179	44	4	183	73
172	206	128	195	169	137	173	41	0	183	75
178	208	122	198	165	139	167	45	0	187	70
183	213	117	199	165	145	168	48	4	186	74
188	215	112	195	167	143	162	49	1	186	70
186	209	106	198	172	142	161	53	0	183	70
189	212	112	194	176	139	156	53	5	189	72
193	209	109	198	178	135	162	51	5	188	74
195	210	110	201	172	137	163	57	5	184	79
201	210	108	202	171	134	157	61	11	178	77
197	206	110	196	169	136	159	57	11	177	73
200	200	113	198	166	138	154	51	6	179	70
196	201	111	204	166	141	157	48	10	174	76
201	201	113	198	162	146	155	49	10	179	76
205	197	119	202	157	144	151	46	13	173	78
206	191	123	197	159	140	148	49	15	174	75
208	193	125	202	163	141	150	54	10	169	73
209	198	119	208	166	139	156	56	13	172	79
212	203	116	214	169	138	157	58	8	168	76
209	208	111	211	170	141	155	52	10	164	73
204	208	107	207	172	138	159	54	7	164	73
198	206	112	211	166	133	162	55	8	168	74
194	204	118	217	172	139	156	54	13	170	73
199	209	118	217	170	144	154	59	15	168	70
200	208	124	218	166	145	148	57	15	172	65
194	212	123	214	166	144	147	63	11	174	70
188	214	117	213	164	139	147	60	8	173	67
193	218	116	213	169	138	146	61	2	169	66
192	219	117	219	167	143	151	58	2	164	69
193	221	119	221	165	148	156	56	1	167	68
197	215	124	218	169	150	153	56	7	162	70
191	210	120	213	174	148	150	61	4	167	65
192	205	120	213	177	144	151	56	0	161	66
195	200	118	211	183	138	148	61	0	159	67
199	195	113	214	186	139	147	67	2	155	63
205	192	119	220	190	133	147	73	0	155	57
211	196	124	217	196	133	149	75	0	159	60
213	196	124	219	198	139	154	69	3	160	59
213	192	120	219	201	138	152	70	0	157	55
211	193	120	218	200	140	150	65	0	162	58
213	190	120	223	198	142	144	67	0	163	63
213	188	124	225	202	143	147	63	4	164	64
212	189	127	221	201	148	149	68	3	160	68
209	183	129	218	207	151	153	65	5	163	66
204	183	134	219	213	153	147	61	11	158	65
202	179	139	220	216	157	141	57	17	154	68
203	178	140	220	210	153	136	61	20	150	65
198	177	141	224	211	150	138	56	23	151	68
204	180	142	219	208	150	135	62	19	153	72
204	174	146	214	209	155	131	60	17	155	70
202	178	143	216	207	158	135	66	11	157	68
207	184	144	220	213	161	130	60	9	153	67
205	186	150	214	219	166	126	56	3	158	69
199	190	156	219	223	169	127	59	0	161	68
196	191	152	213	225	166	121	64	0	161	67
198	192	149	215	220	168	118	60	0	160	65
199	195	147	212	224	163	122	63	0	161	59
197	192	145	218	222	162	120	63	0	166	59
191	191	142	224	221	167	125	63	1	166	64
185	188	142	227	219	162	127	62	1	170	63
189	189	145	225	220	156	127	67	3	173	60
185	194	147	230	220	162	131	63	3	168	55
182	200	145	235	225	166	128	61	0	164	55
181	194	139	237	220	170	134	61	0	163	56
175	193	141	237	215	165	133	57	0	158	59
169	191	139	243	221	161	129	57	6	155	59
173	191	145	244	227	165	125	55	6	155	63
170	188	142	239	232	160	125	50	1	153	58
171	187	142	234	231	158	125	48	5	153	54
170	191	144	233	236	157	131	49	10	155	53
166	188	148	239	235	155	130	48	11	156	57
169	188	143	237	239	156	130	53	5	152	62
169	189	146	239	233	158	131	53	7	146	56
173	183	151	236	235	161	125	59	12	150	62
167	188	146	240	232	155	123	63	15	152	59
167	188	144	245	227	155	122	60	12	149	57
166	186	148	242	225	151	128	59	10	153	51
165	181	148	238	222	156	127	65	14	152	50
161	182	150	244	223	156	130	61	13	150	54
155	176	145	243	229	152	131	58	18	151	54
156	171	149	244	228	152	136	53	15	153	52
157	166	154	246	229	149	131	48	10	147	52
162	161	152	248	225	153	128	52	13	142	55
164	163	151	249	229	154	128	46	11	142	59
159	164	156	251	225	149	132	42	16	142	60
155	161	153	250	225	145	130	42	10	148	58
152	157	149	255	231	151	124	42	6	151	57
153	153	149	255	229	145	128	36	9	157	53
155	148	148	255	233	139	133	34	9	155	49
153	143	149	250	230	140	133	39	12	158	50
155	139	147	255	227	140	131	42	7	152	52
152	143	150	255	228	146	136	44	12	158	48
146	141	145	254	233	143	133	40	18	156	46
147	136	140	250	234	144	129	36	21	157	50
153	132	136	252	237	144	131	30	16	153	54
159	137	134	249	233	147	131	34	15	150	54
158	131	130	250	234	151	125	28	17	144	55
161	131	135	247	230	155	130	24	20	139	61
162	135	141	244	235	150	125	24	19	144	62
165	140	145	250	231	154	131	22	25	139	65
167	146	146	254	230	157	133	18	29	134	61
172	143	148	250	228	158	129	23	31	137	61
176	145	150	244	228	156	132	28	26	139	60
176	147	147	247	231	151	127	31	21	142	59
177	148	144	250	225	148	129	34	18	141	58
179	147	150	245	221	144	134	29	22	141	54
181	147	145	250	215	147	134	28	18	138	48
177	147	146	246	212	150	128	27	20	135	42
171	149	149	243	218	145	129	30	23	137	41
169	151	149	249	218	140	134	32	21	143	42
170	149	155	254	215	140	134	31	27	141	38
173	147	157	252	219	135	137	37	28	136	42
178	149	157	255	214	129	133	38	30	130	48
177	143	160	251	219	133	137	44	36	134	53
171	137	162	255	216	129	141	46	39	136	58
172	131	160	254	218	133	147	44	40	133	54
168	132	160	251	219	127	151	40	41	137	57
168	127	165	251	221	124	150	38	47	143	55
165	122	169	248	220	121	149	36	51	138	52
159	120	168	244	216	115	150	33	46	139	58
153	122	166	243	221	117	155	33	46	135	60
155	117	167	240	221	111	157	31	47	129	63
157	115	170	239	217	111	160	30	48	125	66
157	114	175	241	223	111	157	33	44	128	65
163	111	171	241	224	111	155	38	40	125	65
168	113	176	244	221	114	154	41	35	124	64
164	113	173	250	216	109	160	41	41	129	61
158	111	169	247	212	106	162	42	40	135	67
154	116	166	245	218	109	157	45	39	139	62
156	115	165	250	223	107	155	51	36	142	61
158	114	164	253	225	102	149	55	42	142	63
157	112	160	251	220	105	155	49	43	147	66
151	117	163	253	218	109	152	44	39	143	63
148	114	161	248	220	106	146	46	38	139	65
148	110	162	243	221	107	146	41	44	135	69
142	112	158	238	217	105	150	39	49	130	69
138	108	153	243	211	109	156	41	46	134	65
140	107	153	246	212	104	154	45	45	134	66
145	107	159	245	215	107	149	42	43	140	64
144	104	165	241	218	113	155	36	37	146	59
147	108	161	246	213	114	149	40	31	141	56
146	105	165	240	210	109	155	44	34	135	52
140	105	164	241	213	108	159	43	32	140	49
143	99	162	246	219	104	163	37	30	144	53
139	100	165	251	216	105	166	39	32	147	58
142	102	169	247	220	110	162	45	31	150	64
139	107	170	248	223	113	160	50	34	153	70
141	105	176	245	227	107	161	48	28	153	67
141	102	176	240	228	107	158	43	34	149	72
140	104	178	237	223	110	156	48	39	143	71
139	109	184	235	226	110	156	46	37	140	76
140	110	180	230	225	113	155	49	43	146	81
136	108	177	226	219	113	154	47	44	151	81
131	103	181	232	215	110	159	52	42	152	78
132	97	184	229	209	112	164	58	42	147	79
135	94	184	235	215	110	170	64	39	142	85
134	98	186	237	210	113	173	68	35	137	83
133	102	180	238	207	108	179	70	30	132	77
137	102	178	237	208	110	177	73	33	138	81
132	107	182	232	202	108	171	76	36	133	79
134	113	188	234	199	107	168	78	30	131	78
133	118	187	231	197	102	167	84	28	136	75
135	119	190	237	195	103	171	88	32	139	74
131	122	187	232	191	102	174	89	38	142	77
131	124	186	236	190	102	172	92	39	136	71
134	120	189	233	192	100	178	91	37	135	75
132	119	187	237	189	97	174	96	32	141	80
137	114	183	240	183	95	172	98	38	135	78
139	113	184	243	189	100	167	95	32	130	76
141	118	190	246	185	106	165	91	30	133	78
138	114	186	244	185	109	169	94	33	129	79
134	117	184	245	181	113	167	93	29	127	76
133	115	188	242	178	113	166	92	23	129	70
136	110	188	241	174	118	161	86	20	124	66
135	113	193	242	175	117	167	82	24	126	69
136	115	193	241	175	116	167	80	25	124	73
140	116	194	237	177	117	162	79	26	126	69
139	119	196	236	177	121	159	76	24	128	66
135	123	197	236	180	116	161	82	21	126	66
140	123	192	241	185	121	163	80	24	125	68
145	118	191	240	184	121	160	81	29	120	68
140	114	192	243	184	122	162	85	24	120	68
143	112	191	246	184	125	163	85	26	114	63
144	113	186	252	180	123	168	83	30	115	60
142	107	182	248	174	118	162	79	25	116	64
140	113	185	253	176	119	157	80	30	112	67
145	112	188	253	170	121	159	86	30	107	67
151	111	188	255	166	115	157	88	27	103	66
148	111	183	252	169	119	158	89	32	100	66
147	105	182	255	166	122	155	87	35	105	66
142	110	180	253	169	122	152	90	36	100	63
145	106	180	248	172	119	152	84	40	98	67
140	102	178	243	169	117	158	89	43	101	69
144	107	176	239	171	115	154	87	46	102	64
140	105	172	245	166	111	152	93	45	103	61
134	111	174	239	171	112	153	91	51	105	62
140	115	173	240	166	114	147	94	45	101	58
141	111	176	242	172	116	146	99	48	104	52
140	108	181	242	167	118	140	96	50	106	51
140	109	179	248	166	115	140	95	53	100	47
139	104	179	244	168	120	142	89	58	98	41
136	105	184	246	162	114	147	85	57	92	46
136	107	178	247	162	114	148	83	63	87	40
134	102	176	244	168	118	147	89	59	87	36
139	105	172	245	170	122	151	86	60	90	34
141	107	170	243	176	119	154	91	55	90	35
135	111	166	240	174	124	151	93	52	89	36
136	115	164	236	172	130	153	97	55	85	30
131	119	160	236	168	130	158	93	60	91	34
137	116	161	234	164	136	163	98	58	90	30
136	110	166	235	161	142	164	98	63	94	33
132	113	165	231	159	148	161	100	64	100	30
128	113	170	230	159	143	167	98	61	95	26
131	108	172	225	160	144	169	100	66	98	26
129	103	166	230	156	141	164	102	60	92	29
130	108	164	225	155	146	169	106	56	87	25
136	112	160	231	157	151	168	101	55	82	27
130	112	164	232	151	149	167	101	59	86	29
128	117	170	226	148	147	172	106	55	85	34
123	111	169	227	153	143	172	101	49	82	35
121	114	164	226	156	147	178	106	43	78	35
127	114	158	227	150	144	183	106	41	73	38
121	114	154	224	145	148	177	105	41	68	37
118	118	154	225	141	154	180	103	35	64	38
123	120	153	225	144	160	186	106	41	69	42
123	115	155	220	138	160	186	101	36	69	39
128	109	151	222	144	163	184	104	36	69	38
134	107	146	217	146	166	186	106	38	74	42
131	111	143	212	149	164	185	111	35	70	37
125	115	141	212	146	158	190	111	37	70	33
129	112	135	215	150	163	190	108	41	76	31
126	113	140	210	147	159	196	109	44	79	29
128	112	136	214	141	157	192	103	41	79	28
126	111	139	210	140	160	196	98	37	75	31
121	109	143	206	143	162	193	99	39	79	26
115	108	146	201	144	163	192	105	45	81	29
109	107	152	197	147	163	189	99	45	86	34
106	103	152	200	146	169	188	105	45	85	32
111	101	148	197	149	174	182	109	51	90	34
109	95	154	199	149	179	187	105	50	96	36
109	91	156	200	151	184	190	101	55	95	30
105	96	152	202	147	187	186	95	52	101	26
107	100	157	207	146	182	192	100	49	99	20
107	106	159	212	147	186	196	103	51	97	22
103	111	158	209	143	182	194	98	56	99	24
103	114	162	208	138	183	200	104	54	94	24
101	108	164	205	137	180	197	110	54	89	26
95	102	159	209	131	179	191	105	53	84	32
93	103	159	207	136	177	185	104	58	84	29
87	104	159	208	137	181	186	109	63	80	27
87	104	164	213	140	178	186	103	58	76	21
83	99	160	214	143	177	188	107	58	72	16
83	105	156	213	144	180	182	108	58	71	22
82	107	161	219	141	183	179	110	52	67	27
86	113	161	221	139	187	185	114	55	70	24
84	112	167	226	139	188	184	114	60	67	28
83	108	167	226	141	191	187	113	54	70	23
79	107	172	228	145	195	186	111	50	71	20
75	112	166	222	139	200	190	111	51	71	19
81	117	164	228	133	200	186	115	45	71	16
77	111	164	230	134	201	188	121	41	69	17
74	108	165	234	133	199	193	126	40	75	14
77	104	166	239	137	196	197	130	41	76	13
80	108	161	239	136	191	196	136	39	78	18
85	104	162	237	140	193	193	136	37	77	18
84	101	167	242	142	191	190	141	37	71	21
87	98	172	237	140	185	192	146	36	73	17
81	102	168	243	139	188	193	151	36	76	17
83	106	169	239	142	189	199	151	39	77	13
87	101	173	243	138	183	200	156	40	76	11
82	97	175	249	135	185	203	157	46	79	13
79	91	178	244	140	182	209	155	51	76	17
76	93	184	240	145	177	204	156	56	72	21
81	95	189	245	146	174	210	159	58	66	25
78	92	195	243	144	171	212	159	64	62	28
82	92	196	249	139	166	211	163	67	64	29
85	96	199	246	143	169	213	164	68	60	27
87	95	194	250	147	168	219	163	71	65	27
92	98	189	247	152	162	220	160	66	69	29
91	101	190	248	146	157	214	154	60	65	33
94	99	185	242	145	162	214	152	64	68	34