SINAL	ATTEN	MED	H.A	L.A	H.B	L.B	M.G	L.G	THE	DEL
82	128	243	14	12	28	254	144	225	200	181
81	126	240	19	7	33	255	146	221	194	179
75	122	245	19	5	28	255	142	218	196	181
80	123	242	16	6	33	255	144	223	201	181
78	123	241	13	5	33	251	148	225	205	183
79	117	243	19	9	34	254	149	225	210	188
76	117	248	15	10	30	255	154	226	208	188
78	113	252	12	14	34	251	152	223	206	194
79	118	255	13	14	35	255	148	228	212	190
74	116	255	15	13	35	250	153	226	207	192
79	118	253	18	18	39	250	155	229	205	192
78	121	255	13	19	35	253	155	227	206	197
83	116	255	15	18	39	248	151	228	201	194
88	116	255	13	14	40	249	152	231	202	195
83	111	255	13	19	36	251	149	231	197	189
88	115	255	12	16	33	249	148	237	203	190
90	116	255	18	21	38	249	143	240	204	185
96	111	251	20	22	35	243	138	239	199	191
91	108	251	23	22	33	249	143	240	201	194
86	107	252	28	21	29	251	149	244	204	200
83	105	249	33	19	34	253	148	246	199	200
85	106	249	28	21	36	255	151	243	201	199
83	106	243	33	17	32	250	151	240	202	203
86	102	239	35	13	28	251	145	235	203	200
86	107	234	41	17	24	247	143	233	207	198
85	109	229	38	23	19	253	147	231	201	194
82	110	224	34	29	17	253	150	225	206	191
78	113	226	40	24	17	255	152	224	207	194
75	117	220	45	28	16	255	157	222	207	188
81	120	215	39	26	18	255	157	226	210	190
76	118	214	36	25	13	255	160	223	204	185
81	113	220	32	21	15	255	157	223	200	184
78	110	222	27	26	21	255	162	226	200	183
78	111	221	27	31	24	255	163	231	202	189
75	109	216	27	27	19	250	167	230	196	193
81	114	211	26	23	15	247	165	225	200	196
87	113	211	24	22	12	248	168	223	206	190
92	113	214	23	27	10	246	166	226	201	190
98	119	219	18	29	15	243	169	225	201	195
104	113	218	16	23	15	239	171	226	196	199
101	107	217	16	21	19	241	173	221	192	205
96	108	218	19	25	20	243	172	219	195	210
99	104	217	20	24	23	247	173	215	189	208
103	103	217	20	19	28	251	176	211	184	204
108	101	213	15	13	23	255	180	205	189	201
110	103	208	16	18	21	255	185	207	189	199
111	102	204	20	23	16	255	189	208	190	195
108	103	207	23	23	12	255	183	212	187	200
112	109	202	19	25	7	255	184	216	191	206
114	114	207	15	28	8	254	184	222	185	200
115	117	206	21	25	12	251	184	222	190	204
113	113	203	16	20	16	255	179	223	193	210
119	108	202	19	20	12	255	183	226	193	215
116	102	206	17	19	6	255	183	229	196	217
121	102	201	19	17	10	253	188	225	199	221
116	100	207	22	17	6	255	190	223	193	217
116	99	208	25	22	12	255	190	220	187	216
116	94	208	20	17	10	249	188	219	192	220
117	95	203	21	15	16	246	187	223	194	223
123	91	200	16	14	17	240	186	228	200	227
123	91	204	22	8	15	238	189	229	205	230
125	91	207	22	6	9	238	194	231	207	233
122	94	202	24	12	9	233	193	232	213	235
121	89	200	22	18	9	229	191	229	213	230
127	86	206	20	14	8	233	187	224	208	236
126	84	206	23	20	4	238	188	224	214	242
127	82	202	21	24	0	237	189	224	208	238
125	85	202	19	28	0	234	183	221	207	233
121	88	204	17	30	3	228	187	226	213	239
126	88	206	17	27	1	230	186	225	210	238
121	85	209	19	33	0	229	186	230	205	232
117	83	212	16	27	0	230	191	227	210	226
112	79	215	11	27	0	236	189	221	211	221
108	83	216	11	26	0	231	188	216	209	221
106	79	211	7	31	0	227	188	222	215	227
103	80	206	5	29	3	231	186	219	209	231
97	79	207	5	33	2	227	186	219	210	231
100	85	207	6	34	1	228	191	219	216	226
98	90	203	5	32	6	224	194	224	219	229
103	94	201	8	35	5	230	199	220	217	227
106	89	200	11	39	2	229	203	226	211	221
111	89	200	12	40	1	225	208	225	210	226
116	94	202	8	36	7	231	203	225	205	225
115	93	202	12	33	1	236	197	223	211	228
117	89	208	17	27	7	233	195	222	207	228
113	89	204	20	21	1	227	199	228	211	231
118	87	209	19	20	4	232	197	223	216	225
116	83	214	23	17	0	228	192	222	212	223
112	89	209	25	19	5	231	187	228	209	228
116	88	210	23	18	6	228	191	233	204	231
122	89	212	23	18	4	222	191	236	202	232
126	90	211	18	16	10	221	193	233	203	230
129	88	210	24	21	8	215	190	230	199	235
123	90	215	27	20	7	211	193	226	200	241
119	94	219	23	17	13	215	188	221	201	239
121	91	217	27	23	8	216	194	220	203	235
121	94	223	33	27	5	220	200	216	207	231
120	90	220	29	31	3	214	203	210	208	227
120	93	217	27	26	1	213	200	215	205	223
117	89	216	28	26	4	215	196	216	207	226
120	87	214	22	22	1	214	192	222	211	231
126	82	217	18	17	0	214	189	217	213	235
129	81	212	21	23	0	214	189	222	211	238
124	82	213	18	19	0	215	192	218	205	235
120	82	213	17	23	4	215	196	222	207	237
119	86	214	16	29	0	220	201	225	208	237
118	86	213	22	24	4	219	198	226	209	238
123	82	216	21	19	0	218	198	220	204	244
118	88	216	23	24	0	222	197	224	199	244
122	89	210	20	22	0	225	193	229	205	240
121	91	211	15	26	6	227	190	227	206	238
123	85	209	18	23	11	232	193	232	206	239
126	85	207	20	17	9	233	191	232	208	238
128	86	209	18	16	5	235	190	236	202	237
129	82	210	22	14	9	238	191	232	206	239
133	79	209	26	19	6	242	196	232	203	237
139	78	206	32	25	5	243	193	232	197	242
135	76	211	28	26	3	248	187	232	195	237
133	71	206	24	20	3	243	183	228	191	232
130	68	205	30	25	8	241	178	225	191	229
134	73	206	35	29	11	245	182	227	194	231
131	70	200	35	26	6	250	178	230	192	236
137	76	195	32	27	8	249	183	226	193	230
132	80	189	34	30	4	251	183	220	192	228
135	76	186	32	33	9	252	183	215	188	223
137	72	192	35	35	12	254	184	210	192	226
143	76	189	38	38	7	255	180	214	198	232
141	71	190	43	37	7	249	185	219	195	231
137	66	190	49	36	7	246	189	214	189	226
137	60	191	44	32	6	246	194	216	187	225
138	55	192	49	26	11	252	198	211	184	231
133	51	187	43	20	16	255	202	210	185	235
131	57	182	48	19	13	255	206	206	181	233
136	58	181	47	19	17	255	204	204	181	230
139	59	185	42	16	13	255	198	202	178	231
141	56	183	42	19	18	251	192	200	173	225
146	55	186	43	24	14	252	194	202	176	225
151	52	186	48	29	9	249	197	199	172	226
148	52	188	45	24	4	245	199	199	173	224
144	47	188	44	22	4	241	197	203	173	225
147	53	187	50	22	1	245	197	205	171	228
146	57	182	53	19	0	251	193	204	176	233
150	61	176	56	22	6	251	198	210	173	236
148	63	175	62	22	8	249	195	215	171	231
153	63	179	57	18	3	253	198	215	176	237
148	57	176	62	13	9	249	192	214	176	236
143	55	174	57	14	8	248	196	218	177	239
146	56	169	61	17	2	248	201	217	180	244
149	58	173	61	19	8	252	201	218	185	244
151	59	172	63	17	9	247	204	224	183	239
147	65	172	66	17	12	243	208	220	186	242
149	70	170	67	18	12	238	206	221	186	243
150	72	165	66	14	10	242	202	221	192	247
144	72	169	72	13	5	239	203	215	189	243
138	72	169	68	11	9	235	200	218	195	240
134	78	168	69	10	10	233	196	217	196	246
131	82	173	72	13	6	239	196	222	200	249
126	81	169	70	8	6	242	200	227	200	246
126	83	165	66	13	5	239	206	228	197	243
126	78	167	70	16	6	239	211	228	200	239
122	81	169	70	19	10	239	210	224	195	243
126	80	166	66	19	13	242	205	223	199	245
122	75	164	63	21	16	244	211	224	202	248
119	76	165	60	17	14	245	208	219	196	247
122	76	163	61	16	8	241	214	218	202	250
118	72	157	57	17	11	247	208	223	196	255
114	76	157	60	12	10	249	208	222	202	254
117	80	160	56	8	5	249	206	220	203	255
115	78	158	57	7	3	252	206	225	198	255
118	83	153	56	12	0	253	200	230	203	255
116	88	148	55	17	0	249	201	226	203	255
115	87	147	51	21	0	252	197	232	198	255
118	84	151	46	26	0	246	202	235	193	255
114	89	145	49	26	0	243	200	237	198	255
114	89	143	45	26	1	249	205	239	203	255
119	84	138	46	29	3	248	200	243	201	255
120	82	143	40	34	2	250	202	239	197	255
118	81	140	44	28	0	246	203	234	199	255
123	85	136	43	34	0	248	205	228	194	255
124	84	138	44	36	4	247	203	226	190	255
126	87	132	40	34	0	241	200	226	191	255
125	89	138	36	30	1	239	198	231	186	250
124	94	141	41	29	0	236	198	227	187	252
124	97	135	44	32	0	239	199	224	187	255
127	97	135	44	31	2	234	204	228	182	251
123	100	139	40	31	7	238	207	222	184	248
124	102	135	41	35	2	233	208	225	178	249
123	107	134	41	33	6	228	214	230	182	246
129	103	137	45	27	8	223	212	226	187	244
123	104	142	46	32	10	220	206	222	192	250
126	105	140	43	28	12	220	209	222	191	254
130	107	134	46	25	11	216	211	217	191	251
134	112	133	48	25	6	211	209	219	190	245
133	108	129	52	25	5	205	207	218	194	245
136	105	133	57	29	11	203	209	222	191	248
142	105	138	53	34	12	202	212	217	185	249
143	109	138	55	33	17	201	213	214	179	250
143	105	143	54	30	20	199	219	209	177	247
149	101	149	52	25	20	194	216	214	177	251
143	104	146	54	27	15	195	217	210	181	253
147	104	146	56	24	21	195	222	211	176	247
141	103	144	56	25	23	190	224	214	175	248
138	100	148	58	23	28	186	227	209	180	248
144	94	150	55	21	24	187	224	213	184	254
148	96	146	58	18	18	188	227	216	180	255
150	102	142	57	13	17	188	223	213	177	255
148	104	138	53	15	14	185	225	213	177	255
154	110	144	58	13	18	181	221	216	181	255
159	109	144	60	17	14	182	223	221	185	255
157	108	142	60	22	15	187	219	217	181	251
156	106	140	56	22	16	182	224	213	187	252
159	108	135	59	23	10	179	223	215	190	249
158	108	135	60	18	14	174	224	221	184	246
163	109	140	63	16	8	175	223	226	189	244
157	103	141	63	12	14	177	224	221	193	245
158	98	139	66	15	11	173	223	218	188	246
158	102	142	61	12	10	169	222	221	189	251
163	104	145	63	17	10	173	226	223	186	247
159	99	143	67	11	10	177	228	225	186	242
154	102	141	63	8	6	177	222	227	183	240
154	96	137	58	14	7	171	218	232	180	238
148	100	137	57	9	9	165	219	234	176	234
151	102	135	63	3	6	168	225	233	179	234
147	100	135	68	0	11	163	230	233	174	229
142	94	137	68	0	7	162	225	235	171	235
142	88	133	67	2	9	165	225	238	165	229
146	85	129	61	3	13	166	227	235	163	225
147	89	126	59	8	19	171	226	237	164	224
149	93	120	62	12	15	172	231	237	161	222
146	96	118	58	17	15	173	231	241	165	222
141	101	123	63	20	21	172	232	244	171	224
141	101	124	69	23	26	174	229	247	170	227
140	98	130	73	29	21	172	229	241	165	230
145	98	136	74	28	23	170	231	244	165	226
144	93	132	74	29	23	174	227	248	165	223
140	99	128	73	34	23	173	229	250	168	227
141	105	134	71	38	20	171	224	249	168	227
141	101	139	74	34	21	169	219	252	162	226
140	102	136	77	36	24	171	218	250	158	227
141	103	138	83	37	19	174	212	248	157	229
136	98	139	89	41	14	168	211	251	153	229
134	104	138	88	38	19	171	214	253	156	231
130	103	144	90	44	15	172	213	255	159	233
129	100	145	85	40	11	172	210	255	156	229
133	104	146	82	37	14	166	211	255	162	227
136	107	148	78	41	15	167	208	255	166	224
142	107	151	77	38	11	167	208	255	167	221
144	108	153	80	43	9	167	210	252	171	221
139	113	158	78	41	9	167	209	252	174	224
135	108	158	84	40	7	168	212	246	177	226
132	107	153	81	45	2	163	210	241	182	221
134	104	149	79	39	0	159	212	237	187	218
137	101	153	75	42	0	161	207	238	190	214
139	100	151	80	46	0	167	213	242	191	211
137	105	157	74	40	5	162	219	241	187	217
137	106	158	74	36	0	160	216	241	181	215
137	104	156	69	31	6	154	215	240	175	214
143	105	151	70	33	9	151	216	241	171	220
148	106	153	66	38	6	147	221	240	173	217
148	106	155	66	33	12	149	222	235	175	211
150	102	155	65	34	10	150	227	239	174	210
147	108	157	64	32	14	151	221	238	175	205
147	113	163	59	31	15	156	226	233	176	206
153	113	160	58	32	14	158	223	236	179	208
153	119	164	54	31	13	159	227	236	179	209
151	125	169	49	27	11	160	232	231	182	206
148	121	166	45	26	10	165	233	232	186	201
147	117	163	45	21	12	169	236	238	189	202
152	111	164	46	25	12	167	231	239	194	200
149	117	163	47	29	8	171	232	242	196	196
151	113	162	47	35	8	169	234	238	192	192
151	113	165	42	41	8	166	233	238	192	192
150	115	161	38	41	4	165	231	232	193	192
149	116	160	33	45	0	171	227	233	189	198
151	118	158	29	46	6	175	221	230	195	198
147	115	154	26	46	9	180	217	236	199	198
146	115	157	30	40	5	183	215	234	196	199
146	111	157	32	44	11	179	214	235	192	194
141	109	162	32	40	8	173	214	238	198	192
143	110	163	38	40	3	179	208	234	204	188
146	105	168	36	40	7	180	208	233	209	192
142	109	174	35	40	7	181	207	231	212	194
139	104	179	32	39	1	183	207	230	215	198
138	105	185	34	40	0	185	213	234	215	194
136	108	180	36	39	0	179	210	228	211	192
136	109	184	40	34	2	184	212	225	209	193
138	108	189	37	34	0	188	218	224	214	198
138	112	193	41	31	3	183	220	218	216	200
133	109	193	43	30	0	182	223	214	222	200
127	111	197	45	24	5	186	225	219	228	196
125	116	196	45	26	4	191	220	222	231	192
119	117	193	44	24	0	188	218	226	226	192
117	122	191	41	19	2	186	220	232	225	190
111	119	189	35	23	0	181	216	234	230	189
107	117	195	41	25	3	183	215	237	227	187
104	115	201	38	26	5	186	211	231	225	183
101	109	207	42	22	9	190	211	226	226	184
102	109	212	43	20	3	185	211	231	220	187
99	103	211	37	24	6	180	216	225	219	184
105	104	216	31	18	3	178	218	230	223	183
104	108	217	37	16	0	178	222	234	218	186
105	106	214	43	10	0	180	218	237	214	184
99	108	210	43	4	0	179	220	231	213	179
100	104	214	44	6	0	182	215	226	213	181
94	105	210	42	8	0	180	212	231	212	182
95	99	204	48	14	0	174	212	225	207	176
92	102	205	43	9	0	173	214	221	204	174
88	104	199	38	5	0	178	213	222	201	170
82	103	200	43	6	0	176	218	224	206	168
86	101	203	49	4	0	174	217	223	203	166
87	104	207	49	2	3	175	211	220	197	167
86	105	211	51	0	4	176	207	225	191	163
88	109	214	46	0	0	181	203	226	191	157
93	107	220	47	4	0	175	207	228	186	161
94	112	223	43	5	0	171	212	223	189	160
96	113	229	48	6	0	172	209	226	186	155
102	109	228	44	5	5	166	210	232	185	153
98	109	223	42	0	0	168	206	234	187	152
99	107	229	44	0	2	164	206	232	192	147
94	108	233	50	6	8	162	207	238	192	148
89	104	228	46	1	13	167	211	235	192	142
93	110	223	41	0	11	172	212	239	188	142
96	114	227	40	6	10	171	209	240	184	139
97	120	222	44	6	15	169	203	236	178	145
96	123	228	49	6	14	174	201	237	172	145
91	126	229	43	5	17	168	200	231	178	147
86	125	230	39	10	13	174	202	234	174	148
82	123	226	42	6	15	169	206	235	175	152
86	126	224	46	1	11	169	202	230	178	155
88	129	228	46	1	16	167	199	226	183	154
93	125	232	46	6	16	162	204	228	189	159
89	121	228	50	5	18	163	205	234	194	157
93	115	226	46	9	16	167	203	239	189	154
87	117	229	50	4	10	170	200	239	194	150
87	112	227	50	2	8	168	202	244	188	146
90	107	226	51	0	9	165	206	238	182	149
87	101	227	51	6	14	160	207	240	176	151
93	96	224	50	6	10	156	210	236	172	152
93	91	219	55	7	10	152	216	242	169	151
97	89	215	51	3	15	148	211	248	171	150
96	88	214	57	0	19	150	211	246	171	145
94	85	218	52	0	17	154	213	249	166	142
90	87	215	51	0	14	150	210	252	171	145
94	81	221	46	3	18	148	216	248	173	140
100	79	218	51	6	14	152	212	245	176	138
100	79	215	55	12	18	150	218	239	176	134
105	77	220	52	9	16	149	217	241	176	130
108	74	215	55	3	11	150	219	240	170	127
106	75	212	52	8	8	152	216	235	168	129
103	75	215	50	14	4	146	222	234	172	124
98	79	218	56	8	10	144	225	231	171	120
94	76	215	53	8	14	140	231	225	165	122
97	74	210	56	11	17	135	226	228	171	117
95	70	215	55	10	13	139	223	228	170	120
95	74	220	52	12	11	138	218	229	172	121
94	76	217	50	11	14	137	222	228	170	120
94	76	222	55	6	20	134	217	228	165	120
89	78	226	53	2	25	131	212	224	171	118
86	72	226	56	3	25	137	217	218	171	112
88	67	226	61	4	22	139	221	213	166	108
88	66	220	59	8	20	134	219	216	162	114
89	66	220	56	5	16	135	216	211	159	109
91	63	221	60	5	20	138	215	215	165	107
90	68	218	62	0	18	133	219	214	159	106
95	69	217	66	0	21	130	222	214	161	102
91	63	211	62	6	24	135	220	215	167	97
85	64	214	60	5	26	130	216	216	162	91
87	67	210	57	7	21	124	213	210	162	88
83	67	208	61	2	18	122	207	209	164	90
85	66	212	55	6	19	127	210	205	162	91
90	65	217	57	0	18	131	204	199	163	96
89	62	220	55	0	17	128	204	199	168	92
86	59	224	58	0	19	130	199	195	162	91
87	55	218	53	0	22	129	201	190	157	87
81	53	223	59	0	21	125	204	195	159	87
82	52	223	58	6	22	125	210	201	154	88
76	46	224	60	3	16	130	216	203	148	92
71	40	228	63	4	15	134	220	203	151	92
71	46	230	68	5	19	129	226	204	151	90
77	47	231	73	7	19	124	226	200	155	92
74	50	227	74	1	24	129	225	196	158	94
72	52	232	78	3	18	135	224	194	164	89
68	56	226	72	0	20	136	218	188	163	95
68	55	227	77	0	15	140	216	184	166	95
65	50	226	77	0	17	139	213	188	168	97
69	45	232	73	1	21	143	217	194	169	101
63	47	226	72	5	18	144	217	190	171	101
69	49	232	75	9	13	140	222	184	166	95
68	45	233	80	3	16	137	227	183	167	98
71	42	231	74	0	15	138	230	185	163	100
72	41	230	72	0	11	132	229	187	159	100
72	47	232	67	0	11	133	235	187	155	105
72	47	238	66	0	6	127	237	184	154	103
73	47	243	65	0	1	122	237	187	157	106
79	52	238	64	2	4	124	236	193	152	108
74	56	234	59	8	8	126	237	194	148	112
72	53	231	58	3	7	130	232	193	149	108
73	57	233	64	7	11	124	236	193	151	107
75	52	238	68	9	13	119	236	189	155	106
73	52	242	73	11	16	113	231	195	152	111
68	49	242	70	16	11	111	226	194	156	113
72	53	243	66	18	14	109	227	200	151	116
75	51	241	72	16	18	103	227	206	154	122
74	51	244	69	17	15	107	232	205	148	124
70	56	240	73	15	14	106	237	209	146	126
65	55	243	79	11	18	101	241	204	144	126
59	58	242	74	7	22	105	244	209	142	127
61	54	236	78	1	28	99	250	215	148	122
55	51	238	78	3	28	100	246	209	151	120
58	53	238	81	0	25	104	244	206	149	121
63	52	234	81	0	19	109	242	202	147	115
67	52	234	76	0	24	115	248	201	147	113
66	52	235	78	0	19	117	243	206	147	118
60	49	229	80	0	14	113	238	212	145	120
64	49	230	83	0	12	108	243	215	139	115
70	48	231	78	3	18	105	243	210	133	119
75	53	226	79	9	17	103	248	215	127	120
70	51	221	82	9	15	101	244	213	123	121
75	55	219	78	7	12	105	242	216	127	116
75	59	214	82	10	12	101	242	213	122	122
80	59	215	81	10	6	107	247	207	119	124
79	61	216	75	13	0	111	251	202	123	130
85	63	212	80	10	5	108	253	202	122	132
86	63	207	81	8	3	102	255	204	121	131
92	59	202	77	10	1	107	255	208	123	134
94	58	205	75	4	6	106	255	204	129	129
92	59	205	76	1	5	107	255	207	135	125
91	63	199	70	5	6	109	249	212	132	127
96	69	197	72	4	11	107	251	210	137	128
102	63	202	67	6	5	112	248	215	134	128
99	69	204	72	6	10	111	253	217	129	122
99	74	207	74	4	7	109	247	220	135	118
96	76	213	69	10	4	112	246	226	137	119
95	81	212	69	11	9	118	242	229	134	125
98	80	214	63	12	15	119	240	224	132	131
92	85	213	65	13	19	118	238	221	138	137
87	80	207	68	11	17	123	242	215	135	136
88	75	204	69	15	15	124	244	214	130	136
83	69	204	70	10	9	120	244	215	125	139
88	73	201	72	8	15	115	246	210	127	137
83	71	199	74	11	12	113	246	211	123	142
84	77	205	71	8	12	115	246	210	119	140
85	75	208	69	9	6	116	244	205	122	140
85	69	212	65	4	10	116	241	204	118	140
85	71	218	60	0	5	110	240	209	117	145
90	71	217	65	0	1	112	240	213	112	140
95	77	223	69	2	3	107	240	210	110	138
93	81	225	63	0	0	108	237	214	109	132
98	75	219	69	6	5	106	238	220	106	138
99	77	217	70	10	11	108	235	223	101	142
100	82	212	75	6	11	110	233	227	104	145
98	78	218	71	10	9	104	238	226	103	141
99	76	214	66	14	5	102	233	220	108	145
103	72	217	63	16	4	106	237	215	102	148
103	76	216	59	12	1	111	241	215	99	144
105	72	216	59	11	4	105	242	213	95	144
102	78	215	61	6	9	111	237	214	94	140
108	83	220	62	2	12	114	234	214	98	146
104	77	226	64	1	6	110	239	213	92	142
109	82	232	59	1	12	113	238	215	89	147
105	83	227	53	0	11	119	235	221	85	152
109	78	221	55	1	7	118	230	220	89	154
113	73	224	52	2	2	116	234	226	86	155
107	72	226	57	0	5	112	239	221	92	158
111	66	228	55	0	6	118	240	217	94	156
113	65	224	52	0	4	113	240	217	95	152
109	61	229	49	2	8	109	238	223	101	158
112	61	232	45	0	9	111	234	219	103	153
113	65	236	39	0	13	117	230	219	105	147
114	65	242	44	1	8	121	232	219	106	148
112	62	236	41	3	10	123	231	225	101	149
106	66	239	47	0	10	127	234	222	103	154
107	68	241	41	0	7	129	232	222	106	153
108	73	238	45	1	7	133	229	228	112	155
114	70	238	48	0	12	137	234	231	109	161
114	65	242	50	0	14	137	235	231	112	157
110	60	245	51	2	13	142	234	225	111	163
111	62	245	51	0	7	138	240	226	112	167
110	59	240	48	0	2	141	237	227	112	166
111	53	240	42	3	7	146	233	222	110	171
109	56	237	46	7	13	150	238	221	115	173
104	60	235	41	2	19	146	233	217	121	172
103	60	235	46	1	25	150	233	222	116	172
108	64	236	48	0	20	147	230	228	110	176
105	64	242	48	0	21	145	233	223	109	177
106	70	239	50	0	20	144	228	219	104	173
101	76	243	46	0	24	139	227	222	109	177
102	74	242	41	3	26	141	226	221	103	180
101	69	246	47	1	28	145	224	226	107	181
101	73	242	48	0	33	144	228	230	113	179
95	77	245	54	6	33	140	223	231	107	182
97	83	251	60	11	35	140	229	227	102	186
91	87	255	56	10	33	141	225	233	102	187
94	82	255	57	14	38	139	229	233	105	184
92	84	255	63	9	41	134	229	228	102	188
97	83	250	65	8	35	135	227	234	105	184
103	86	252	59	14	40	134	223	233	100	190
104	81	254	53	8	36	129	223	232	102	185
105	78	254	59	8	36	129	221	226	100	183
108	75	255	61	8	30	124	222	228	96	180